DATE	M2	M2_CHG	M2_PCH
1999-01-04	4384.8	14.3	0.32719
1999-01-11	4389.1	4.3	0.09807
1999-01-18	4392.9	3.8	0.08658
1999-01-25	4389.5	-3.4	-0.07740
1999-02-01	4407.8	18.3	0.41690
1999-02-08	4410.5	2.7	0.06126
1999-02-15	4416.0	5.5	0.12470
1999-02-22	4419.5	3.5	0.07926
1999-03-01	4419.0	-0.5	-0.01131
1999-03-08	4421.6	2.6	0.05884
1999-03-15	4417.8	-3.8	-0.08594
1999-03-22	4420.4	2.6	0.05885
1999-03-29	4425.9	5.5	0.12442
1999-04-05	4441.6	15.7	0.35473
1999-04-12	4445.1	3.5	0.07880
1999-04-19	4453.7	8.6	0.19347
1999-04-26	4459.6	5.9	0.13247
1999-05-03	4455.2	-4.4	-0.09866
1999-05-10	4472.4	17.2	0.38607
1999-05-17	4472.3	-0.1	-0.00224
1999-05-24	4477.5	5.2	0.11627
1999-05-31	4488.6	11.1	0.24791
1999-06-07	4493.1	4.5	0.10025
1999-06-14	4494.7	1.6	0.03561
1999-06-21	4500.0	5.3	0.11792
1999-06-28	4499.0	-1.0	-0.02222
1999-07-05	4506.2	7.2	0.16004
1999-07-12	4524.3	18.1	0.40167
1999-07-19	4523.9	-0.4	-0.00884
1999-07-26	4532.6	8.7	0.19231
1999-08-02	4533.0	0.4	0.00882
1999-08-09	4541.5	8.5	0.18751
1999-08-16	4545.4	3.9	0.08587
1999-08-23	4541.4	-4.0	-0.08800
1999-08-30	4540.3	-1.1	-0.02422
1999-09-06	4550.8	10.5	0.23126
1999-09-13	4554.4	3.6	0.07911
1999-09-20	4562.0	7.6	0.16687
1999-09-27	4558.4	-3.6	-0.07891
1999-10-04	4569.1	10.7	0.23473
1999-10-11	4575.5	6.4	0.14007
1999-10-18	4578.1	2.6	0.05682
1999-10-25	4585.0	6.9	0.15072
1999-11-01	4597.3	12.3	0.26827
1999-11-08	4594.4	-2.9	-0.06308
1999-11-15	4600.2	5.8	0.12624
1999-11-22	4604.6	4.4	0.09565
1999-11-29	4601.8	-2.8	-0.06081
1999-12-06	4613.8	12.0	0.26077
1999-12-13	4618.5	4.7	0.10187
1999-12-20	4628.7	10.2	0.22085
1999-12-27	4638.7	10.0	0.21604
2000-01-03	4653.7	15.0	0.32337
2000-01-10	4658.2	4.5	0.09670
2000-01-17	4660.4	2.2	0.04723
2000-01-24	4667.7	7.3	0.15664
2000-01-31	4668.3	0.6	0.01285
2000-02-07	4674.8	6.5	0.13924
2000-02-14	4668.0	-6.8	-0.14546
2000-02-21	4667.4	-0.6	-0.01285
2000-02-28	4667.0	-0.4	-0.00857
2000-03-06	4678.9	11.9	0.25498
2000-03-13	4686.5	7.6	0.16243
2000-03-20	4704.7	18.2	0.38835
2000-03-27	4712.2	7.5	0.15942
2000-04-03	4728.6	16.4	0.34803
2000-04-10	4752.4	23.8	0.50332
2000-04-17	4761.3	8.9	0.18727
2000-04-24	4767.6	6.3	0.13232
2000-05-01	4755.3	-12.3	-0.25799
2000-05-08	4734.8	-20.5	-0.43110
2000-05-15	4740.5	5.7	0.12039
2000-05-22	4745.3	4.8	0.10126
2000-05-29	4747.9	2.6	0.05479
2000-06-05	4759.7	11.8	0.24853
2000-06-12	4762.6	2.9	0.06093
2000-06-19	4758.9	-3.7	-0.07769
2000-06-26	4761.3	2.4	0.05043
2000-07-03	4767.2	5.9	0.12392
2000-07-10	4777.4	10.2	0.21396
2000-07-17	4774.2	-3.2	-0.06698
2000-07-24	4783.0	8.8	0.18432
2000-07-31	4786.8	3.8	0.07945
2000-08-07	4794.9	8.1	0.16922
2000-08-14	4795.4	0.5	0.01043
2000-08-21	4811.7	16.3	0.33991
2000-08-28	4817.5	5.8	0.12054
2000-09-04	4828.7	11.2	0.23249
2000-09-11	4839.3	10.6	0.21952
2000-09-18	4844.2	4.9	0.10125
2000-09-25	4844.8	0.6	0.01239
2000-10-02	4854.8	10.0	0.20641
2000-10-09	4859.6	4.8	0.09887
2000-10-16	4860.2	0.6	0.01235
2000-10-23	4859.4	-0.8	-0.01646
2000-10-30	4857.0	-2.4	-0.04939
2000-11-06	4860.0	3.0	0.06177
2000-11-13	4861.5	1.5	0.03086
2000-11-20	4866.2	4.7	0.09668
2000-11-27	4881.2	15.0	0.30825
2000-12-04	4888.9	7.7	0.15775
2000-12-11	4895.7	6.8	0.13909
2000-12-18	4908.9	13.2	0.26962
2000-12-25	4924.3	15.4	0.31372
2001-01-01	4948.2	23.9	0.48535
2001-01-08	4954.1	5.9	0.11924
2001-01-15	4965.5	11.4	0.23011
2001-01-22	4972.2	6.7	0.13493
2001-01-29	4964.8	-7.4	-0.14883
2001-02-05	4984.6	19.8	0.39881
2001-02-12	4992.8	8.2	0.16451
2001-02-19	5000.9	8.1	0.16223
2001-02-26	5018.4	17.5	0.34994
2001-03-05	5041.4	23.0	0.45831
2001-03-12	5047.4	6.0	0.11901
2001-03-19	5052.9	5.5	0.10897
2001-03-26	5073.1	20.2	0.39977
2001-04-02	5094.8	21.7	0.42775
2001-04-09	5116.5	21.7	0.42592
2001-04-16	5132.8	16.3	0.31858
2001-04-23	5138.0	5.2	0.10131
2001-04-30	5121.7	-16.3	-0.31724
2001-05-07	5115.0	-6.7	-0.13082
2001-05-14	5113.9	-1.1	-0.02151
2001-05-21	5124.9	11.0	0.21510
2001-05-28	5120.4	-4.5	-0.08781
2001-06-04	5150.9	30.5	0.59566
2001-06-11	5155.2	4.3	0.08348
2001-06-18	5165.4	10.2	0.19786
2001-06-25	5162.2	-3.2	-0.06195
2001-07-02	5176.0	13.8	0.26733
2001-07-09	5180.2	4.2	0.08114
2001-07-16	5193.4	13.2	0.25482
2001-07-23	5194.4	1.0	0.01926
2001-07-30	5201.9	7.5	0.14439
2001-08-06	5211.6	9.7	0.18647
2001-08-13	5220.7	9.1	0.17461
2001-08-20	5226.7	6.0	0.11493
2001-08-27	5232.1	5.4	0.10332
2001-09-03	5244.2	12.1	0.23126
2001-09-10	5266.3	22.1	0.42142
2001-09-17	5436.9	170.6	3.23947
2001-09-24	5355.1	-81.8	-1.50453
2001-10-01	5330.2	-24.9	-0.46498
2001-10-08	5321.1	-9.1	-0.17073
2001-10-15	5320.5	-0.6	-0.01128
2001-10-22	5322.8	2.3	0.04323
2001-10-29	5330.2	7.4	0.13902
2001-11-05	5351.1	20.9	0.39211
2001-11-12	5358.2	7.1	0.13268
2001-11-19	5367.1	8.9	0.16610
2001-11-26	5384.1	17.0	0.31674
2001-12-03	5389.4	5.3	0.09844
2001-12-10	5414.0	24.6	0.45645
2001-12-17	5431.4	17.4	0.32139
2001-12-24	5419.7	-11.7	-0.21541
2001-12-31	5438.8	19.1	0.35242
2002-01-07	5437.0	-1.8	-0.03310
2002-01-14	5438.7	1.7	0.03127
2002-01-21	5439.3	0.6	0.01103
2002-01-28	5447.9	8.6	0.15811
2002-02-04	5461.9	14.0	0.25698
2002-02-11	5467.6	5.7	0.10436
2002-02-18	5470.5	2.9	0.05304
2002-02-25	5479.1	8.6	0.15721
2002-03-04	5484.8	5.7	0.10403
2002-03-11	5485.2	0.4	0.00729
2002-03-18	5483.6	-1.6	-0.02917
2002-03-25	5477.9	-5.7	-0.10395
2002-04-01	5490.5	12.6	0.23002
2002-04-08	5476.7	-13.8	-0.25134
2002-04-15	5488.7	12.0	0.21911
2002-04-22	5483.9	-4.8	-0.08745
2002-04-29	5484.9	1.0	0.01824
2002-05-06	5496.9	12.0	0.21878
2002-05-13	5505.8	8.9	0.16191
2002-05-20	5515.8	10.0	0.18163
2002-05-27	5520.1	4.3	0.07796
2002-06-03	5510.6	-9.5	-0.17210
2002-06-10	5524.2	13.6	0.24680
2002-06-17	5534.7	10.5	0.19007
2002-06-24	5540.2	5.5	0.09937
2002-07-01	5555.0	14.8	0.26714
2002-07-08	5549.5	-5.5	-0.09901
2002-07-15	5569.3	19.8	0.35679
2002-07-22	5583.1	13.8	0.24779
2002-07-29	5602.8	19.7	0.35285
2002-08-05	5611.0	8.2	0.14636
2002-08-12	5617.2	6.2	0.11050
2002-08-19	5619.0	1.8	0.03204
2002-08-26	5623.9	4.9	0.08720
2002-09-02	5630.0	6.1	0.10847
2002-09-09	5639.4	9.4	0.16696
2002-09-16	5645.2	5.8	0.10285
2002-09-23	5641.9	-3.3	-0.05846
2002-09-30	5656.0	14.1	0.24992
2002-10-07	5662.9	6.9	0.12199
2002-10-14	5677.6	14.7	0.25958
2002-10-21	5693.7	16.1	0.28357
2002-10-28	5707.0	13.3	0.23359
2002-11-04	5724.5	17.5	0.30664
2002-11-11	5732.8	8.3	0.14499
2002-11-18	5744.1	11.3	0.19711
2002-11-25	5735.8	-8.3	-0.14450
2002-12-02	5757.7	21.9	0.38181
2002-12-09	5751.9	-5.8	-0.10073
2002-12-16	5764.9	13.0	0.22601
2002-12-23	5761.0	-3.9	-0.06765
2002-12-30	5763.0	2.0	0.03472
2003-01-06	5773.8	10.8	0.18740
2003-01-13	5784.0	10.2	0.17666
2003-01-20	5798.1	14.1	0.24378
2003-01-27	5807.1	9.0	0.15522
2003-02-03	5804.3	-2.8	-0.04822
2003-02-10	5826.6	22.3	0.38420
2003-02-17	5847.7	21.1	0.36213
2003-02-24	5823.7	-24.0	-0.41042
2003-03-03	5829.4	5.7	0.09788
2003-03-10	5845.1	15.7	0.26932
2003-03-17	5856.4	11.3	0.19332
2003-03-24	5848.2	-8.2	-0.14002
2003-03-31	5858.7	10.5	0.17954
2003-04-07	5868.3	9.6	0.16386
2003-04-14	5875.1	6.8	0.11588
2003-04-21	5874.1	-1.0	-0.01702
2003-04-28	5913.5	39.4	0.67074
2003-05-05	5947.9	34.4	0.58172
2003-05-12	5946.9	-1.0	-0.01681
2003-05-19	5939.4	-7.5	-0.12612
2003-05-26	5947.9	8.5	0.14311
2003-06-02	5957.2	9.3	0.15636
2003-06-09	5964.4	7.2	0.12086
2003-06-16	5985.9	21.5	0.36047
2003-06-23	5989.3	3.4	0.05680
2003-06-30	6004.0	14.7	0.24544
2003-07-07	6023.1	19.1	0.31812
2003-07-14	6018.5	-4.6	-0.07637
2003-07-21	6025.2	6.7	0.11132
2003-07-28	6036.1	10.9	0.18091
2003-08-04	6076.5	40.4	0.66931
2003-08-11	6084.1	7.6	0.12507
2003-08-18	6119.3	35.2	0.57856
2003-08-25	6071.9	-47.4	-0.77460
2003-09-01	6086.2	14.3	0.23551
2003-09-08	6071.9	-14.3	-0.23496
2003-09-15	6066.6	-5.3	-0.08729
2003-09-22	6053.7	-12.9	-0.21264
2003-09-29	6049.4	-4.3	-0.07103
2003-10-06	6045.4	-4.0	-0.06612
2003-10-13	6051.6	6.2	0.10256
2003-10-20	6055.5	3.9	0.06445
2003-10-27	6056.3	0.8	0.01321
2003-11-03	6045.0	-11.3	-0.18658
2003-11-10	6058.1	13.1	0.21671
2003-11-17	6062.4	4.3	0.07098
2003-11-24	6050.1	-12.3	-0.20289
2003-12-01	6061.6	11.5	0.19008
2003-12-08	6053.0	-8.6	-0.14188
2003-12-15	6054.6	1.6	0.02643
2003-12-22	6057.0	2.4	0.03964
2003-12-29	6053.7	-3.3	-0.05448
2004-01-05	6053.6	-0.1	-0.00165
2004-01-12	6052.2	-1.4	-0.02313
2004-01-19	6057.1	4.9	0.08096
2004-01-26	6071.5	14.4	0.23774
2004-02-02	6085.3	13.8	0.22729
2004-02-09	6085.1	-0.2	-0.00329
2004-02-16	6103.9	18.8	0.30895
2004-02-23	6108.3	4.4	0.07209
2004-03-01	6118.0	9.7	0.15880
2004-03-08	6112.9	-5.1	-0.08336
2004-03-15	6128.7	15.8	0.25847
2004-03-22	6149.1	20.4	0.33286
2004-03-29	6156.5	7.4	0.12034
2004-04-05	6162.2	5.7	0.09259
2004-04-12	6160.6	-1.6	-0.02596
2004-04-19	6164.1	3.5	0.05681
2004-04-26	6196.2	32.1	0.52076
2004-05-03	6226.8	30.6	0.49385
2004-05-10	6247.9	21.1	0.33886
2004-05-17	6269.6	21.7	0.34732
2004-05-24	6256.6	-13.0	-0.20735
2004-05-31	6259.8	3.2	0.05115
2004-06-07	6250.5	-9.3	-0.14857
2004-06-14	6259.8	9.3	0.14879
2004-06-21	6261.0	1.2	0.01917
2004-06-28	6259.7	-1.3	-0.02076
2004-07-05	6256.9	-2.8	-0.04473
2004-07-12	6269.8	12.9	0.20617
2004-07-19	6268.4	-1.4	-0.02233
2004-07-26	6278.6	10.2	0.16272
2004-08-02	6282.1	3.5	0.05574
2004-08-09	6286.3	4.2	0.06686
2004-08-16	6301.9	15.6	0.24816
2004-08-23	6305.9	4.0	0.06347
2004-08-30	6298.6	-7.3	-0.11576
2004-09-06	6309.0	10.4	0.16512
2004-09-13	6321.3	12.3	0.19496
2004-09-20	6341.9	20.6	0.32588
2004-09-27	6349.2	7.3	0.11511
2004-10-04	6341.7	-7.5	-0.11813
2004-10-11	6349.1	7.4	0.11669
2004-10-18	6355.5	6.4	0.10080
2004-10-25	6368.5	13.0	0.20455
2004-11-01	6382.2	13.7	0.21512
2004-11-08	6375.0	-7.2	-0.11281
2004-11-15	6387.7	12.7	0.19922
2004-11-22	6394.1	6.4	0.10019
2004-11-29	6390.5	-3.6	-0.05630
2004-12-06	6393.4	2.9	0.04538
2004-12-13	6400.1	6.7	0.10480
2004-12-20	6416.6	16.5	0.25781
2004-12-27	6419.7	3.1	0.04831
2005-01-03	6388.3	-31.4	-0.48912
2005-01-10	6399.1	10.8	0.16906
2005-01-17	6418.8	19.7	0.30786
2005-01-24	6421.2	2.4	0.03739
2005-01-31	6417.7	-3.5	-0.05451
2005-02-07	6419.3	1.6	0.02493
2005-02-14	6414.0	-5.3	-0.08256
2005-02-21	6425.2	11.2	0.17462
2005-02-28	6421.5	-3.7	-0.05759
2005-03-07	6418.2	-3.3	-0.05139
2005-03-14	6422.7	4.5	0.07011
2005-03-21	6432.4	9.7	0.15103
2005-03-28	6439.1	6.7	0.10416
2005-04-04	6437.6	-1.5	-0.02330
2005-04-11	6436.5	-1.1	-0.01709
2005-04-18	6444.0	7.5	0.11652
2005-04-25	6445.5	1.5	0.02328
2005-05-02	6451.6	6.1	0.09464
2005-05-09	6459.8	8.2	0.12710
2005-05-16	6459.1	-0.7	-0.01084
2005-05-23	6463.2	4.1	0.06348
2005-05-30	6459.7	-3.5	-0.05415
2005-06-06	6471.4	11.7	0.18112
2005-06-13	6481.2	9.8	0.15144
2005-06-20	6502.0	20.8	0.32093
2005-06-27	6508.6	6.6	0.10151
2005-07-04	6503.5	-5.1	-0.07836
2005-07-11	6505.9	2.4	0.03690
2005-07-18	6522.0	16.1	0.24747
2005-07-25	6534.9	12.9	0.19779
2005-08-01	6549.7	14.8	0.22648
2005-08-08	6545.6	-4.1	-0.06260
2005-08-15	6553.3	7.7	0.11764
2005-08-22	6566.6	13.3	0.20295
2005-08-29	6559.1	-7.5	-0.11421
2005-09-05	6573.7	14.6	0.22259
2005-09-12	6578.7	5.0	0.07606
2005-09-19	6594.6	15.9	0.24169
2005-09-26	6603.8	9.2	0.13951
2005-10-03	6604.5	0.7	0.01060
2005-10-10	6614.8	10.3	0.15595
2005-10-17	6631.0	16.2	0.24491
2005-10-24	6635.3	4.3	0.06485
2005-10-31	6628.5	-6.8	-0.10248
2005-11-07	6630.0	1.5	0.02263
2005-11-14	6637.5	7.5	0.11312
2005-11-21	6653.2	15.7	0.23653
2005-11-28	6643.1	-10.1	-0.15181
2005-12-05	6652.3	9.2	0.13849
2005-12-12	6658.7	6.4	0.09621
2005-12-19	6670.4	11.7	0.17571
2005-12-26	6677.4	7.0	0.10494
2006-01-02	6683.2	5.8	0.08686
2006-01-09	6700.9	17.7	0.26484
2006-01-16	6713.6	12.7	0.18953
2006-01-23	6723.9	10.3	0.15342
2006-01-30	6712.8	-11.1	-0.16508
2006-02-06	6715.5	2.7	0.04022
2006-02-13	6720.9	5.4	0.08041
2006-02-20	6744.4	23.5	0.34966
2006-02-27	6754.9	10.5	0.15568
2006-03-06	6752.3	-2.6	-0.03849
2006-03-13	6738.0	-14.3	-0.21178
2006-03-20	6747.1	9.1	0.13505
2006-03-27	6757.4	10.3	0.15266
2006-04-03	6756.7	-0.7	-0.01036
2006-04-10	6772.7	16.0	0.23680
2006-04-17	6790.5	17.8	0.26282
2006-04-24	6802.0	11.5	0.16935
2006-05-01	6795.9	-6.1	-0.08968
2006-05-08	6775.4	-20.5	-0.30165
2006-05-15	6790.7	15.3	0.22582
2006-05-22	6802.9	12.2	0.17966
2006-05-29	6800.1	-2.8	-0.04116
2006-06-05	6807.6	7.5	0.11029
2006-06-12	6819.1	11.5	0.16893
2006-06-19	6830.7	11.6	0.17011
2006-06-26	6850.6	19.9	0.29133
2006-07-03	6850.3	-0.3	-0.00438
2006-07-10	6869.7	19.4	0.28320
2006-07-17	6877.6	7.9	0.11500
2006-07-24	6881.2	3.6	0.05234
2006-07-31	6872.6	-8.6	-0.12498
2006-08-07	6883.5	10.9	0.15860
2006-08-14	6891.9	8.4	0.12203
2006-08-21	6916.5	24.6	0.35694
2006-08-28	6914.6	-1.9	-0.02747
2006-09-04	6922.9	8.3	0.12004
2006-09-11	6922.3	-0.6	-0.00867
2006-09-18	6924.9	2.6	0.03756
2006-09-25	6936.4	11.5	0.16607
2006-10-02	6948.1	11.7	0.16868
2006-10-09	6973.1	25.0	0.35981
2006-10-16	6980.8	7.7	0.11042
2006-10-23	6987.6	6.8	0.09741
2006-10-30	6985.3	-2.3	-0.03292
2006-11-06	6995.0	9.7	0.13886
2006-11-13	7000.4	5.4	0.07720
2006-11-20	7015.0	14.6	0.20856
2006-11-27	7038.0	23.0	0.32787
2006-12-04	7033.5	-4.5	-0.06394
2006-12-11	7039.1	5.6	0.07962
2006-12-18	7049.9	10.8	0.15343
2006-12-25	7076.2	26.3	0.37305
2007-01-01	7084.2	8.0	0.11306
2007-01-08	7085.2	1.0	0.01412
2007-01-15	7103.4	18.2	0.25687
2007-01-22	7099.4	-4.0	-0.05631
2007-01-29	7095.4	-4.0	-0.05634
2007-02-05	7103.3	7.9	0.11134
2007-02-12	7104.3	1.0	0.01408
2007-02-19	7109.5	5.2	0.07320
2007-02-26	7127.5	18.0	0.25318
2007-03-05	7111.2	-16.3	-0.22869
2007-03-12	7121.4	10.2	0.14344
2007-03-19	7136.1	14.7	0.20642
2007-03-26	7173.8	37.7	0.52830
2007-04-02	7187.0	13.2	0.18400
2007-04-09	7202.5	15.5	0.21567
2007-04-16	7221.8	19.3	0.26796
2007-04-23	7236.5	14.7	0.20355
2007-04-30	7218.8	-17.7	-0.24459
2007-05-07	7222.4	3.6	0.04987
2007-05-14	7224.5	2.1	0.02908
2007-05-21	7236.7	12.2	0.16887
2007-05-28	7236.2	-0.5	-0.00691
2007-06-04	7244.3	8.1	0.11194
2007-06-11	7253.9	9.6	0.13252
2007-06-18	7263.4	9.5	0.13096
2007-06-25	7273.0	9.6	0.13217
2007-07-02	7285.3	12.3	0.16912
2007-07-09	7279.9	-5.4	-0.07412
2007-07-16	7291.3	11.4	0.15660
2007-07-23	7300.3	9.0	0.12343
2007-07-30	7306.3	6.0	0.08219
2007-08-06	7323.3	17.0	0.23268
2007-08-13	7343.2	19.9	0.27174
2007-08-20	7380.1	36.9	0.50251
2007-08-27	7417.2	37.1	0.50270
2007-09-03	7396.0	-21.2	-0.28582
2007-09-10	7384.1	-11.9	-0.16090
2007-09-17	7388.5	4.4	0.05959
2007-09-24	7386.4	-2.1	-0.02842
2007-10-01	7396.5	10.1	0.13674
2007-10-08	7403.0	6.5	0.08788
2007-10-15	7392.2	-10.8	-0.14589
2007-10-22	7393.3	1.1	0.01488
2007-10-29	7423.6	30.3	0.40983
2007-11-05	7409.7	-13.9	-0.18724
2007-11-12	7408.9	-0.8	-0.01080
2007-11-19	7427.9	19.0	0.25645
2007-11-26	7453.1	25.2	0.33926
2007-12-03	7441.9	-11.2	-0.15027
2007-12-10	7454.0	12.1	0.16259
2007-12-17	7457.1	3.1	0.04159
2007-12-24	7461.2	4.1	0.05498
2007-12-31	7468.3	7.1	0.09516
2008-01-07	7464.4	-3.9	-0.05222
2008-01-14	7460.2	-4.2	-0.05627
2008-01-21	7491.6	31.4	0.42090
2008-01-28	7526.2	34.6	0.46185
2008-02-04	7554.4	28.2	0.37469
2008-02-11	7563.7	9.3	0.12311
2008-02-18	7565.6	1.9	0.02512
2008-02-25	7597.3	31.7	0.41900
2008-03-03	7607.2	9.9	0.13031
2008-03-10	7620.4	13.2	0.17352
2008-03-17	7644.9	24.5	0.32151
2008-03-24	7659.5	14.6	0.19098
2008-03-31	7661.6	2.1	0.02742
2008-04-07	7680.6	19.0	0.24799
2008-04-14	7682.6	2.0	0.02604
2008-04-21	7706.9	24.3	0.31630
2008-04-28	7675.9	-31.0	-0.40224
2008-05-05	7674.1	-1.8	-0.02345
2008-05-12	7688.0	13.9	0.18113
2008-05-19	7695.0	7.0	0.09105
2008-05-26	7715.5	20.5	0.26641
2008-06-02	7712.7	-2.8	-0.03629
2008-06-09	7710.4	-2.3	-0.02982
2008-06-16	7711.6	1.2	0.01556
2008-06-23	7718.6	7.0	0.09077
2008-06-30	7717.4	-1.2	-0.01555
2008-07-07	7739.2	21.8	0.28248
2008-07-14	7749.7	10.5	0.13567
2008-07-21	7776.3	26.6	0.34324
2008-07-28	7774.1	-2.2	-0.02829
2008-08-04	7776.2	2.1	0.02701
2008-08-11	7782.4	6.2	0.07973
2008-08-18	7772.2	-10.2	-0.13106
2008-08-25	7778.9	6.7	0.08620
2008-09-01	7772.1	-6.8	-0.08742
2008-09-08	7753.1	-19.0	-0.24446
2008-09-15	7768.7	15.6	0.20121
2008-09-22	7929.5	160.8	2.06984
2008-09-29	7936.8	7.3	0.09206
2008-10-06	7906.0	-30.8	-0.38807
2008-10-13	7948.7	42.7	0.54010
2008-10-20	7992.1	43.4	0.54600
2008-10-27	7964.8	-27.3	-0.34159
2008-11-03	7957.5	-7.3	-0.09165
2008-11-10	7971.0	13.5	0.16965
2008-11-17	7989.1	18.1	0.22707
2008-11-24	8018.3	29.2	0.36550
2008-12-01	8074.3	56.0	0.69840
2008-12-08	8131.8	57.5	0.71214
2008-12-15	8173.0	41.2	0.50665
2008-12-22	8202.1	29.1	0.35605
2008-12-29	8217.6	15.5	0.18898
2009-01-05	8249.0	31.4	0.38211
2009-01-12	8244.8	-4.2	-0.05092
2009-01-19	8258.4	13.6	0.16495
2009-01-26	8284.3	25.9	0.31362
2009-02-02	8281.0	-3.3	-0.03983
2009-02-09	8284.8	3.8	0.04589
2009-02-16	8288.9	4.1	0.04949
2009-02-23	8291.8	2.9	0.03499
2009-03-02	8313.7	21.9	0.26412
2009-03-09	8350.8	37.1	0.44625
2009-03-16	8384.7	33.9	0.40595
2009-03-23	8372.8	-11.9	-0.14193
2009-03-30	8340.4	-32.4	-0.38697
2009-04-06	8341.9	1.5	0.01798
2009-04-13	8350.5	8.6	0.10309
2009-04-20	8363.0	12.5	0.14969
2009-04-27	8370.9	7.9	0.09446
2009-05-04	8399.3	28.4	0.33927
2009-05-11	8414.1	14.8	0.17621
2009-05-18	8415.2	1.1	0.01307
2009-05-25	8428.6	13.4	0.15924
2009-06-01	8429.6	1.0	0.01186
2009-06-08	8440.0	10.4	0.12337
2009-06-15	8439.4	-0.6	-0.00711
2009-06-22	8430.7	-8.7	-0.10309
2009-06-29	8403.7	-27.0	-0.32026
2009-07-06	8420.0	16.3	0.19396
2009-07-13	8422.8	2.8	0.03325
2009-07-20	8435.1	12.3	0.14603
2009-07-27	8451.0	15.9	0.18850
2009-08-03	8435.2	-15.8	-0.18696
2009-08-10	8443.7	8.5	0.10077
2009-08-17	8444.6	0.9	0.01066
2009-08-24	8418.0	-26.6	-0.31499
2009-08-31	8422.7	4.7	0.05583
2009-09-07	8424.2	1.5	0.01781
2009-09-14	8436.1	11.9	0.14126
2009-09-21	8434.3	-1.8	-0.02134
2009-09-28	8431.5	-2.8	-0.03320
2009-10-05	8435.8	4.3	0.05100
2009-10-12	8449.3	13.5	0.16003
2009-10-19	8464.4	15.1	0.17871
2009-10-26	8471.3	6.9	0.08152
2009-11-02	8469.7	-1.6	-0.01889
2009-11-09	8485.1	15.4	0.18182
2009-11-16	8491.1	6.0	0.07071
2009-11-23	8492.4	1.3	0.01531
2009-11-30	8492.1	-0.3	-0.00353
2009-12-07	8505.8	13.7	0.16133
2009-12-14	8496.1	-9.7	-0.11404
2009-12-21	8483.0	-13.1	-0.15419
2009-12-28	8469.8	-13.2	-0.15561
2010-01-04	8438.9	-30.9	-0.36483
2010-01-11	8432.0	-6.9	-0.08176
2010-01-18	8436.1	4.1	0.04862
2010-01-25	8454.8	18.7	0.22167
2010-02-01	8468.9	14.1	0.16677
2010-02-08	8474.8	5.9	0.06967
2010-02-15	8508.6	33.8	0.39883
2010-02-22	8507.9	-0.7	-0.00823
2010-03-01	8495.2	-12.7	-0.14927
2010-03-08	8486.6	-8.6	-0.10123
2010-03-15	8491.3	4.7	0.05538
2010-03-22	8490.5	-0.8	-0.00942
2010-03-29	8498.1	7.6	0.08951
2010-04-05	8508.0	9.9	0.11650
2010-04-12	8515.9	7.9	0.09285
2010-04-19	8509.5	-6.4	-0.07515
2010-04-26	8537.4	27.9	0.32787
2010-05-03	8553.5	16.1	0.18858
2010-05-10	8564.2	10.7	0.12509
2010-05-17	8587.3	23.1	0.26973
2010-05-24	8573.1	-14.2	-0.16536
2010-05-31	8597.1	24.0	0.27995
2010-06-07	8596.9	-0.2	-0.00233
2010-06-14	8584.8	-12.1	-0.14075
2010-06-21	8606.6	21.8	0.25394
2010-06-28	8606.1	-0.5	-0.00581
2010-07-05	8574.2	-31.9	-0.37067
2010-07-12	8595.7	21.5	0.25075
2010-07-19	8602.2	6.5	0.07562
2010-07-26	8624.1	21.9	0.25459
2010-08-02	8635.8	11.7	0.13567
2010-08-09	8649.2	13.4	0.15517
2010-08-16	8656.6	7.4	0.08556
2010-08-23	8656.9	0.3	0.00347
2010-08-30	8668.4	11.5	0.13284
2010-09-06	8673.9	5.5	0.06345
2010-09-13	8683.7	9.8	0.11298
2010-09-20	8683.3	-0.4	-0.00461
2010-09-27	8697.4	14.1	0.16238
2010-10-04	8714.5	17.1	0.19661
2010-10-11	8733.8	19.3	0.22147
2010-10-18	8740.2	6.4	0.07328
2010-10-25	8741.7	1.5	0.01716
2010-11-01	8746.6	4.9	0.05605
2010-11-08	8744.7	-1.9	-0.02172
2010-11-15	8750.0	5.3	0.06061
2010-11-22	8761.6	11.6	0.13257
2010-11-29	8774.4	12.8	0.14609
2010-12-06	8771.2	-3.2	-0.03647
2010-12-13	8783.8	12.6	0.14365
2010-12-20	8791.1	7.3	0.08311
2010-12-27	8811.1	20.0	0.22750
2011-01-03	8787.6	-23.5	-0.26671
2011-01-10	8808.6	21.0	0.23897
2011-01-17	8853.7	45.1	0.51200
2011-01-24	8821.3	-32.4	-0.36595
2011-01-31	8837.8	16.5	0.18705
2011-02-07	8857.3	19.5	0.22064
2011-02-14	8864.6	7.3	0.08242
2011-02-21	8878.6	14.0	0.15793
2011-02-28	8885.9	7.3	0.08222
2011-03-07	8898.9	13.0	0.14630
2011-03-14	8901.5	2.6	0.02922
2011-03-21	8920.6	19.1	0.21457
2011-03-28	8932.0	11.4	0.12779
2011-04-04	8941.8	9.8	0.10972
2011-04-11	8951.2	9.4	0.10512
2011-04-18	8970.8	19.6	0.21897
2011-04-25	9004.5	33.7	0.37566
2011-05-02	9018.7	14.2	0.15770
2011-05-09	9017.3	-1.4	-0.01552
2011-05-16	9027.0	9.7	0.10757
2011-05-23	9029.3	2.3	0.02548
2011-05-30	9044.9	15.6	0.17277
2011-06-06	9046.6	1.7	0.01880
2011-06-13	9061.1	14.5	0.16028
2011-06-20	9104.4	43.3	0.47787
2011-06-27	9183.1	78.7	0.86442
2011-07-04	9230.1	47.0	0.51181
2011-07-11	9240.4	10.3	0.11159
2011-07-18	9266.6	26.2	0.28354
2011-07-25	9307.8	41.2	0.44461
2011-08-01	9454.2	146.4	1.57287
2011-08-08	9480.7	26.5	0.28030
2011-08-15	9509.2	28.5	0.30061
2011-08-22	9537.3	28.1	0.29550
2011-08-29	9536.9	-0.4	-0.00419
2011-09-05	9535.4	-1.5	-0.01573
2011-09-12	9529.6	-5.8	-0.06083
2011-09-19	9525.9	-3.7	-0.03883
2011-09-26	9553.7	27.8	0.29184
2011-10-03	9563.8	10.1	0.10572
2011-10-10	9570.8	7.0	0.07319
2011-10-17	9579.6	8.8	0.09195
2011-10-24	9560.3	-19.3	-0.20147
2011-10-31	9578.8	18.5	0.19351
2011-11-07	9602.6	23.8	0.24847
2011-11-14	9620.5	17.9	0.18641
2011-11-21	9608.1	-12.4	-0.12889
2011-11-28	9615.3	7.2	0.07494
2011-12-05	9625.5	10.2	0.10608
2011-12-12	9646.4	20.9	0.21713
2011-12-19	9639.3	-7.1	-0.07360
2011-12-26	9639.8	0.5	0.00519
2012-01-02	9717.0	77.2	0.80085
2012-01-09	9722.9	5.9	0.06072
2012-01-16	9733.8	10.9	0.11211
2012-01-23	9729.2	-4.6	-0.04726
2012-01-30	9737.3	8.1	0.08325
2012-02-06	9752.3	15.0	0.15405
2012-02-13	9772.5	20.2	0.20713
2012-02-20	9778.1	5.6	0.05730
2012-02-27	9779.9	1.8	0.01841
2012-03-05	9801.4	21.5	0.21984
2012-03-12	9811.1	9.7	0.09897
2012-03-19	9805.0	-6.1	-0.06217
2012-03-26	9826.6	21.6	0.22030
2012-04-02	9850.5	23.9	0.24322
2012-04-09	9864.9	14.4	0.14619
2012-04-16	9881.3	16.4	0.16625
2012-04-23	9863.6	-17.7	-0.17913
2012-04-30	9885.8	22.2	0.22507
2012-05-07	9899.9	14.1	0.14263
2012-05-14	9897.0	-2.9	-0.02929
2012-05-21	9905.6	8.6	0.08690
2012-05-28	9906.3	0.7	0.00707
2012-06-04	9920.0	13.7	0.13830
2012-06-11	9971.9	51.9	0.52319
2012-06-18	9974.9	3.0	0.03008
2012-06-25	9980.9	6.0	0.06015
2012-07-02	10008.1	27.2	0.27252
2012-07-09	10030.4	22.3	0.22282
2012-07-16	10050.4	20.0	0.19939
2012-07-23	10047.5	-2.9	-0.02885
2012-07-30	10065.8	18.3	0.18213
2012-08-06	10078.8	13.0	0.12915
2012-08-13	10115.5	36.7	0.36413
2012-08-20	10112.4	-3.1	-0.03065
2012-08-27	10134.2	21.8	0.21558
2012-09-03	10162.3	28.1	0.27728
2012-09-10	10179.8	17.5	0.17221
2012-09-17	10200.6	20.8	0.20433
2012-09-24	10197.2	-3.4	-0.03333
2012-10-01	10246.2	49.0	0.48052
2012-10-08	10244.3	-1.9	-0.01854
2012-10-15	10251.3	7.0	0.06833
2012-10-22	10243.6	-7.7	-0.07511
2012-10-29	10287.7	44.1	0.43051
2012-11-05	10336.2	48.5	0.47144
2012-11-12	10306.5	-29.7	-0.28734
2012-11-19	10296.9	-9.6	-0.09315
2012-11-26	10321.7	24.8	0.24085
2012-12-03	10361.5	39.8	0.38560
2012-12-10	10392.4	30.9	0.29822
2012-12-17	10441.4	49.0	0.47150
2012-12-24	10471.2	29.8	0.28540
2012-12-31	10514.7	43.5	0.41543
2013-01-07	10499.6	-15.1	-0.14361
2013-01-14	10473.5	-26.1	-0.24858
2013-01-21	10454.2	-19.3	-0.18427
2013-01-28	10464.7	10.5	0.10044
2013-02-04	10459.2	-5.5	-0.05256
2013-02-11	10473.5	14.3	0.13672
2013-02-18	10454.9	-18.6	-0.17759
2013-02-25	10467.9	13.0	0.12434
2013-03-04	10502.4	34.5	0.32958
2013-03-11	10513.3	10.9	0.10379
2013-03-18	10530.2	16.9	0.16075
2013-03-25	10548.9	18.7	0.17758
2013-04-01	10597.5	48.6	0.46071
2013-04-08	10564.9	-32.6	-0.30762
2013-04-15	10575.4	10.5	0.09939
2013-04-22	10570.9	-4.5	-0.04255
2013-04-29	10584.5	13.6	0.12866
2013-05-06	10592.8	8.3	0.07842
2013-05-13	10607.2	14.4	0.13594
2013-05-20	10604.1	-3.1	-0.02923
2013-05-27	10622.6	18.5	0.17446
2013-06-03	10640.6	18.0	0.16945
2013-06-10	10659.2	18.6	0.17480
2013-06-17	10659.2	0.0	0.00000
2013-06-24	10654.6	-4.6	-0.04316
2013-07-01	10707.7	53.1	0.49838
2013-07-08	10683.9	-23.8	-0.22227
2013-07-15	10710.4	26.5	0.24804
2013-07-22	10737.2	26.8	0.25022
2013-07-29	10747.6	10.4	0.09686
2013-08-05	10759.0	11.4	0.10607
2013-08-12	10773.7	14.7	0.13663
2013-08-19	10763.4	-10.3	-0.09560
2013-08-26	10795.7	32.3	0.30009
2013-09-02	10812.9	17.2	0.15932
2013-09-09	10805.2	-7.7	-0.07121
2013-09-16	10805.9	0.7	0.00648
2013-09-23	10841.5	35.6	0.32945
2013-09-30	10883.8	42.3	0.39017
2013-10-07	10891.3	7.5	0.06891
2013-10-14	10929.8	38.5	0.35349
2013-10-21	10989.6	59.8	0.54713
2013-10-28	10969.4	-20.2	-0.18381
2013-11-04	10951.3	-18.1	-0.16500
2013-11-11	10932.3	-19.0	-0.17350
2013-11-18	10937.9	5.6	0.05122
2013-11-25	10967.3	29.4	0.26879
2013-12-02	10986.3	19.0	0.17324
2013-12-09	11002.4	16.1	0.14655
2013-12-16	11008.5	6.1	0.05544
2013-12-23	11030.1	21.6	0.19621
2013-12-30	11028.2	-1.9	-0.01723
2014-01-06	11036.0	7.8	0.07073
2014-01-13	11035.6	-0.4	-0.00362
2014-01-20	11064.7	29.1	0.26369
2014-01-27	11105.4	40.7	0.36784
2014-02-03	11100.7	-4.7	-0.04232
2014-02-10	11137.5	36.8	0.33151
2014-02-17	11166.5	29.0	0.26038
2014-02-24	11162.9	-3.6	-0.03224
2014-03-03	11149.8	-13.1	-0.11735
2014-03-10	11168.7	18.9	0.16951
2014-03-17	11186.9	18.2	0.16296
2014-03-24	11210.7	23.8	0.21275
2014-03-31	11213.1	2.4	0.02141
2014-04-07	11216.7	3.6	0.03211
2014-04-14	11238.5	21.8	0.19435
2014-04-21	11236.9	-1.6	-0.01424
2014-04-28	11284.5	47.6	0.42360
2014-05-05	11285.6	1.1	0.00975
2014-05-12	11296.2	10.6	0.09393
2014-05-19	11298.1	1.9	0.01682
2014-05-26	11334.4	36.3	0.32129
2014-06-02	11364.6	30.2	0.26645
2014-06-09	11347.7	-16.9	-0.14871
2014-06-16	11356.1	8.4	0.07402
2014-06-23	11371.9	15.8	0.13913
2014-06-30	11392.1	20.2	0.17763
2014-07-07	11384.9	-7.2	-0.06320
2014-07-14	11415.1	30.2	0.26526
2014-07-21	11441.2	26.1	0.22864
2014-07-28	11457.5	16.3	0.14247
2014-08-04	11459.1	1.6	0.01396
2014-08-11	11436.9	-22.2	-0.19373
2014-08-18	11450.4	13.5	0.11804
2014-08-25	11464.6	14.2	0.12401
2014-09-01	11479.3	14.7	0.12822
2014-09-08	11468.9	-10.4	-0.09060
2014-09-15	11484.2	15.3	0.13340
2014-09-22	11496.8	12.6	0.10972
2014-09-29	11515.3	18.5	0.16091
2014-10-06	11531.0	15.7	0.13634
2014-10-13	11527.7	-3.3	-0.02862
2014-10-20	11556.8	29.1	0.25244
2014-10-27	11591.8	35.0	0.30285
2014-11-03	11552.5	-39.3	-0.33903
2014-11-10	11581.9	29.4	0.25449
2014-11-17	11583.5	1.6	0.01381
2014-11-24	11596.1	12.6	0.10878
2014-12-01	11627.0	30.9	0.26647
2014-12-08	11642.6	15.6	0.13417
2014-12-15	11663.7	21.1	0.18123
2014-12-22	11682.8	19.1	0.16376
2014-12-29	11695.8	13.0	0.11127
2015-01-05	11678.6	-17.2	-0.14706
2015-01-12	11704.5	25.9	0.22177
2015-01-19	11714.4	9.9	0.08458
2015-01-26	11760.4	46.0	0.39268
2015-02-02	11817.6	57.2	0.48638
2015-02-09	11827.0	9.4	0.07954
2015-02-16	11844.7	17.7	0.14966
2015-02-23	11875.1	30.4	0.25665
2015-03-02	11881.8	6.7	0.05642
2015-03-09	11855.3	-26.5	-0.22303
2015-03-16	11862.4	7.1	0.05989
2015-03-23	11867.6	5.2	0.04384
2015-03-30	11881.4	13.8	0.11628
2015-04-06	11909.1	27.7	0.23314
2015-04-13	11919.8	10.7	0.08985
2015-04-20	11921.9	2.1	0.01762
2015-04-27	11913.8	-8.1	-0.06794
2015-05-04	11915.7	1.9	0.01595
2015-05-11	11928.1	12.4	0.10406
2015-05-18	11940.5	12.4	0.10396
2015-05-25	11966.0	25.5	0.21356
2015-06-01	11979.6	13.6	0.11366
2015-06-08	11959.4	-20.2	-0.16862
2015-06-15	11970.0	10.6	0.08863
2015-06-22	12009.3	39.3	0.32832
2015-06-29	12028.6	19.3	0.16071
2015-07-06	12046.8	18.2	0.15131
2015-07-13	12035.7	-11.1	-0.09214
2015-07-20	12040.6	4.9	0.04071
2015-07-27	12058.0	17.4	0.14451
2015-08-03	12047.7	-10.3	-0.08542
2015-08-10	12067.7	20.0	0.16601
2015-08-17	12097.8	30.1	0.24943
2015-08-24	12115.3	17.5	0.14465
2015-08-31	12128.5	13.2	0.10895
2015-09-07	12128.2	-0.3	-0.00247
2015-09-14	12150.1	21.9	0.18057
2015-09-21	12176.0	25.9	0.21317
2015-09-28	12161.2	-14.8	-0.12155
2015-10-05	12155.7	-5.5	-0.04523
2015-10-12	12153.9	-1.8	-0.01481
2015-10-19	12159.9	6.0	0.04937
2015-10-26	12220.5	60.6	0.49836
2015-11-02	12261.3	40.8	0.33387
2015-11-09	12263.7	2.4	0.01957
2015-11-16	12275.6	11.9	0.09703
2015-11-23	12290.3	14.7	0.11975
2015-11-30	12285.8	-4.5	-0.03661
2015-12-07	12296.1	10.3	0.08384
2015-12-14	12314.7	18.6	0.15127
2015-12-21	12365.4	50.7	0.41170
2015-12-28	12363.9	-1.5	-0.01213
2016-01-04	12347.7	-16.2	-0.13103
2016-01-11	12445.3	97.6	0.79043
2016-01-18	12456.3	11.0	0.08839
2016-01-25	12497.2	40.9	0.32835
2016-02-01	12520.9	23.7	0.18964
2016-02-08	12492.6	-28.3	-0.22602
2016-02-15	12532.6	40.0	0.32019
2016-02-22	12557.3	24.7	0.19709
2016-02-29	12554.3	-3.0	-0.02389
2016-03-07	12559.4	5.1	0.04062
2016-03-14	12564.1	4.7	0.03742
2016-03-21	12598.3	34.2	0.27220
2016-03-28	12639.1	40.8	0.32385
2016-04-04	12643.7	4.6	0.03639
2016-04-11	12653.7	10.0	0.07909
2016-04-18	12673.9	20.2	0.15964
2016-04-25	12713.0	39.1	0.30851
2016-05-02	12738.2	25.2	0.19822
2016-05-09	12739.7	1.5	0.01178
2016-05-16	12746.4	6.7	0.05259
2016-05-23	12766.3	19.9	0.15612
2016-05-30	12753.2	-13.1	-0.10261
2016-06-06	12770.5	17.3	0.13565
2016-06-13	12817.6	47.1	0.36882
2016-06-20	12834.9	17.3	0.13497
2016-06-27	12840.8	5.9	0.04597
2016-07-04	12837.8	-3.0	-0.02336
2016-07-11	12849.2	11.4	0.08880
2016-07-18	12873.9	24.7	0.19223
2016-07-25	12903.0	29.1	0.22604
2016-08-01	12928.8	25.8	0.19995
2016-08-08	12946.4	17.6	0.13613
2016-08-15	12955.0	8.6	0.06643
2016-08-22	12981.8	26.8	0.20687
2016-08-29	12986.8	5.0	0.03852
2016-09-05	12997.9	11.1	0.08547
2016-09-12	13032.0	34.1	0.26235
2016-09-19	13029.5	-2.5	-0.01918
2016-09-26	13047.4	17.9	0.13738
2016-10-03	13048.4	1.0	0.00766
2016-10-10	13102.3	53.9	0.41308
2016-10-17	13098.1	-4.2	-0.03206
2016-10-24	13110.1	12.0	0.09162
2016-10-31	13135.6	25.5	0.19451
2016-11-07	13128.4	-7.2	-0.05481
2016-11-14	13170.0	41.6	0.31687
2016-11-21	13210.2	40.2	0.30524
2016-11-28	13200.3	-9.9	-0.07494
2016-12-05	13198.5	-1.8	-0.01364
2016-12-12	13200.4	1.9	0.01440
2016-12-19	13210.9	10.5	0.07954
2016-12-26	13215.7	4.8	0.03633
2017-01-02	13224.8	9.1	0.06886
2017-01-09	13262.6	37.8	0.28583
2017-01-16	13281.5	18.9	0.14251
2017-01-23	13298.1	16.6	0.12499
2017-01-30	13299.3	1.2	0.00902
2017-02-06	13317.1	17.8	0.13384
2017-02-13	13325.6	8.5	0.06383
2017-02-20	13338.8	13.2	0.09906
2017-02-27	13372.2	33.4	0.25040
2017-03-06	13366.9	-5.3	-0.03963
2017-03-13	13400.5	33.6	0.25137
2017-03-20	13413.7	13.2	0.09850
2017-03-27	13426.0	12.3	0.09170
2017-04-03	13421.5	-4.5	-0.03352
2017-04-10	13455.6	34.1	0.25407
2017-04-17	13458.6	3.0	0.02230
2017-04-24	13483.4	24.8	0.18427
2017-05-01	13510.5	27.1	0.20099
2017-05-08	13493.9	-16.6	-0.12287
2017-05-15	13504.5	10.6	0.07855
2017-05-22	13536.4	31.9	0.23622
2017-05-29	13545.5	9.1	0.06723
2017-06-05	13536.8	-8.7	-0.06423
2017-06-12	13539.9	3.1	0.02290
2017-06-19	13543.6	3.7	0.02733
2017-06-26	13574.4	30.8	0.22741
2017-07-03	13558.5	-15.9	-0.11713
2017-07-10	13602.8	44.3	0.32673
2017-07-17	13614.2	11.4	0.08381
2017-07-24	13628.7	14.5	0.10651
2017-07-31	13643.5	14.8	0.10859
2017-08-07	13647.6	4.1	0.03005
2017-08-14	13647.9	0.3	0.00220
2017-08-21	13682.8	34.9	0.25572
2017-08-28	13697.3	14.5	0.10597
2017-09-04	13690.0	-7.3	-0.05330
2017-09-11	13703.3	13.3	0.09715
2017-09-18	13704.6	1.3	0.00949
2017-09-25	13729.6	25.0	0.18242
2017-10-02	13756.6	27.0	0.19666
2017-10-09	13781.6	25.0	0.18173
2017-10-16	13769.6	-12.0	-0.08707
2017-10-23	13777.7	8.1	0.05883
2017-10-30	13791.4	13.7	0.09944
2017-11-06	13794.7	3.3	0.02393
2017-11-13	13800.9	6.2	0.04494
2017-11-20	13802.0	1.1	0.00797
2017-11-27	13833.1	31.1	0.22533
2017-12-04	13822.0	-11.1	-0.08024
2017-12-11	13853.6	31.6	0.22862
2017-12-18	13871.8	18.2	0.13137
2017-12-25	13848.1	-23.7	-0.17085
2018-01-01	13851.4	3.3	0.02383
2018-01-08	13852.0	0.6	0.00433
2018-01-15	13862.0	10.0	0.07219
2018-01-22	13871.2	9.2	0.06637
2018-01-29	13884.5	13.3	0.09588
2018-02-05	13885.2	0.7	0.00504
2018-02-12	13877.2	-8.0	-0.05762
2018-02-19	13879.6	2.4	0.01729
2018-02-26	13908.5	28.9	0.20822
2018-03-05	13927.3	18.8	0.13517
2018-03-12	13928.5	1.2	0.00862
2018-03-19	13926.8	-1.7	-0.01221
2018-03-26	13958.2	31.4	0.22546
2018-04-02	13969.7	11.5	0.08239
2018-04-09	13959.2	-10.5	-0.07516
2018-04-16	13967.7	8.5	0.06089
2018-04-23	13986.6	18.9	0.13531
2018-04-30	13994.6	8.0	0.05720
2018-05-07	14002.3	7.7	0.05502
2018-05-14	14019.5	17.2	0.12284
2018-05-21	14043.8	24.3	0.17333
2018-05-28	14070.4	26.6	0.18941
2018-06-04	14078.5	8.1	0.05757
2018-06-11	14090.7	12.2	0.08666
2018-06-18	14109.6	18.9	0.13413
2018-06-25	14119.7	10.1	0.07158
2018-07-02	14135.9	16.2	0.11473
2018-07-09	14131.1	-4.8	-0.03396
2018-07-16	14148.2	17.1	0.12101
2018-07-23	14159.0	10.8	0.07633
2018-07-30	14159.8	0.8	0.00565
2018-08-06	14154.5	-5.3	-0.03743
2018-08-13	14176.9	22.4	0.15825
2018-08-20	14190.6	13.7	0.09664
2018-08-27	14217.8	27.2	0.19168
2018-09-03	14222.6	4.8	0.03376
2018-09-10	14200.2	-22.4	-0.15750
2018-09-17	14217.8	17.6	0.12394
2018-09-24	14237.1	19.3	0.13575
2018-10-01	14250.8	13.7	0.09623
2018-10-08	14224.7	-26.1	-0.18315
2018-10-15	14239.1	14.4	0.10123
2018-10-22	14260.1	21.0	0.14748
2018-10-29	14263.6	3.5	0.02454
2018-11-05	14241.0	-22.6	-0.15845
2018-11-12	14237.7	-3.3	-0.02317
2018-11-19	14261.2	23.5	0.16505
2018-11-26	14279.5	18.3	0.12832
2018-12-03	14321.3	41.8	0.29273
2018-12-10	14330.9	9.6	0.06703
2018-12-17	14335.7	4.8	0.03349
2018-12-24	14400.8	65.1	0.45411
2018-12-31	14424.8	24.0	0.16666
2019-01-07	14410.0	-14.8	-0.10260
2019-01-14	14428.4	18.4	0.12769
2019-01-21	14436.9	8.5	0.05891
2019-01-28	14492.1	55.2	0.38235
2019-02-04	14461.6	-30.5	-0.21046
2019-02-11	14469.1	7.5	0.05186
2019-02-18	14444.9	-24.2	-0.16725
2019-02-25	14462.6	17.7	0.12253
2019-03-04	14474.6	12.0	0.08297
2019-03-11	14484.6	10.0	0.06909
2019-03-18	14474.2	-10.4	-0.07180
2019-03-25	14507.7	33.5	0.23145
2019-04-01	14545.9	38.2	0.26331
2019-04-08	14522.0	-23.9	-0.16431
2019-04-15	14540.5	18.5	0.12739
2019-04-22	14516.2	-24.3	-0.16712
2019-04-29	14567.2	51.0	0.35133
2019-05-06	14584.9	17.7	0.12151
2019-05-13	14586.2	1.3	0.00891
2019-05-20	14630.3	44.1	0.30234
2019-05-27	14676.0	45.7	0.31237
2019-06-03	14702.9	26.9	0.18329
2019-06-10	14742.7	39.8	0.27069
2019-06-17	14767.9	25.2	0.17093
2019-06-24	14785.0	17.1	0.11579
2019-07-01	14830.8	45.8	0.30977
2019-07-08	14828.9	-1.9	-0.01281
2019-07-15	14820.8	-8.1	-0.05462
2019-07-22	14870.4	49.6	0.33466
2019-07-29	14902.9	32.5	0.21855
2019-08-05	14922.6	19.7	0.13219
2019-08-12	14921.6	-1.0	-0.00670
2019-08-19	14915.6	-6.0	-0.04021
2019-08-26	14932.2	16.6	0.11129
2019-09-02	14970.7	38.5	0.25783
2019-09-09	14981.4	10.7	0.07147
2019-09-16	14989.2	7.8	0.05206
2019-09-23	15056.5	67.3	0.44899
2019-09-30	15104.2	47.7	0.31681
2019-10-07	15140.4	36.2	0.23967
2019-10-14	15156.2	15.8	0.10436
2019-10-21	15199.3	43.1	0.28437
2019-10-28	15239.5	40.2	0.26449
2019-11-04	15272.2	32.7	0.21457
2019-11-11	15287.5	15.3	0.10018
2019-11-18	15323.0	35.5	0.23222
2019-11-25	15366.5	43.5	0.28389
2019-12-02	15365.2	-1.3	-0.00846
2019-12-09	15345.9	-19.3	-0.12561
2019-12-16	15419.9	74.0	0.48221
2019-12-23	15424.6	4.7	0.03048
