DATE	FEDFUNDS	FEDFUNDS_CHG	FEDFUNDS_PCH	INDPRO	INDPRO_CHG	INDPRO_PCH	PCE	PCE_CHG	PCE_PCH	PCEPILFE	PCEPILFE_CHG	PCEPILFE_PCH	RECPROUSM156N	UNRATE	UNRATE_CHG	UNRATE_PCH
1999-01-01	4.63	-0.05	-1.06838	89.8594	0.4187	0.46813	6072.9	2.4	0.03954	78.998	0.151	0.19151	0.08	4.3	-0.1	-2.27273
1999-02-01	4.76	0.13	2.80778	90.3386	0.4792	0.53328	6101.8	28.9	0.47588	78.999	0.001	0.00127	0.06	4.4	0.1	2.32558
1999-03-01	4.81	0.05	1.05042	90.4819	0.1433	0.15863	6132.9	31.1	0.50969	79.026	0.027	0.03418	0.18	4.2	-0.2	-4.54545
1999-04-01	4.74	-0.07	-1.45530	90.7274	0.2455	0.27132	6196.2	63.3	1.03214	79.210	0.184	0.23283	0.06	4.3	0.1	2.38095
1999-05-01	4.74	0.00	0.00000	91.3520	0.6246	0.68844	6225.7	29.5	0.47610	79.272	0.062	0.07827	0.02	4.2	-0.1	-2.32558
1999-06-01	4.76	0.02	0.42194	91.1994	-0.1526	-0.16705	6254.0	28.3	0.45457	79.306	0.034	0.04289	0.08	4.3	0.1	2.38095
1999-07-01	4.99	0.23	4.83193	91.7766	0.5772	0.63290	6281.5	27.5	0.43972	79.446	0.140	0.17653	0.04	4.3	0.0	0.00000
1999-08-01	5.07	0.08	1.60321	92.1629	0.3863	0.42091	6326.5	45.0	0.71639	79.480	0.034	0.04280	0.14	4.2	-0.1	-2.32558
1999-09-01	5.22	0.15	2.95858	91.7740	-0.3889	-0.42197	6378.8	52.3	0.82668	79.683	0.203	0.25541	0.26	4.2	0.0	0.00000
1999-10-01	5.20	-0.02	-0.38314	92.9979	1.2239	1.33360	6402.1	23.3	0.36527	79.809	0.126	0.15813	0.00	4.1	-0.1	-2.38095
1999-11-01	5.42	0.22	4.23077	93.4371	0.4392	0.47227	6437.9	35.8	0.55919	79.884	0.075	0.09397	0.04	4.1	0.0	0.00000
1999-12-01	5.30	-0.12	-2.21402	94.1593	0.7222	0.77293	6538.7	100.8	1.56573	79.992	0.108	0.13520	0.00	4.0	-0.1	-2.43902
2000-01-01	5.45	0.15	2.83019	94.1758	0.0165	0.01752	6535.3	-3.4	-0.05200	80.196	0.204	0.25503	0.10	4.0	0.0	0.00000
2000-02-01	5.73	0.28	5.13761	94.4557	0.2799	0.29721	6619.7	84.4	1.29145	80.321	0.125	0.15587	0.12	4.1	0.1	2.50000
2000-03-01	5.85	0.12	2.09424	94.7980	0.3423	0.36239	6685.8	66.1	0.99853	80.483	0.162	0.20169	0.04	4.0	-0.1	-2.43902
2000-04-01	6.02	0.17	2.90598	95.4808	0.6828	0.72027	6671.1	-14.7	-0.21987	80.522	0.039	0.04846	0.04	3.8	-0.2	-5.00000
2000-05-01	6.27	0.25	4.15282	95.6435	0.1627	0.17040	6707.6	36.5	0.54714	80.597	0.075	0.09314	0.40	4.0	0.2	5.26316
2000-06-01	6.53	0.26	4.14673	95.7353	0.0918	0.09598	6743.9	36.3	0.54118	80.647	0.050	0.06204	0.62	4.0	0.0	0.00000
2000-07-01	6.54	0.01	0.15314	95.5906	-0.1447	-0.15115	6764.1	20.2	0.29953	80.823	0.176	0.21824	0.76	4.0	0.0	0.00000
2000-08-01	6.50	-0.04	-0.61162	95.3112	-0.2794	-0.29229	6799.1	35.0	0.51744	80.921	0.098	0.12125	0.98	4.1	0.1	2.50000
2000-09-01	6.52	0.02	0.30769	95.6790	0.3678	0.38589	6882.9	83.8	1.23252	81.116	0.195	0.24098	1.26	3.9	-0.2	-4.87805
2000-10-01	6.51	-0.01	-0.15337	95.3970	-0.2820	-0.29474	6888.2	5.3	0.07700	81.234	0.118	0.14547	4.16	3.9	0.0	0.00000
2000-11-01	6.51	0.00	0.00000	95.4229	0.0259	0.02715	6902.4	14.2	0.20615	81.367	0.133	0.16372	5.90	3.9	0.0	0.00000
2000-12-01	6.40	-0.11	-1.68971	95.1573	-0.2656	-0.27834	6945.7	43.3	0.62732	81.425	0.058	0.07128	10.86	3.9	0.0	0.00000
2001-01-01	5.98	-0.42	-6.56250	94.5448	-0.6125	-0.64367	6977.0	31.3	0.45064	81.698	0.273	0.33528	20.80	4.2	0.3	7.69231
2001-02-01	5.49	-0.49	-8.19398	93.9398	-0.6050	-0.63991	6995.8	18.8	0.26946	81.827	0.129	0.15790	24.96	4.2	0.0	0.00000
2001-03-01	5.31	-0.18	-3.27869	93.7201	-0.2197	-0.23387	6987.9	-7.9	-0.11292	81.909	0.082	0.10021	30.66	4.3	0.1	2.38095
2001-04-01	4.80	-0.51	-9.60452	93.4469	-0.2732	-0.29151	7001.2	13.3	0.19033	82.044	0.135	0.16482	34.22	4.4	0.1	2.32558
2001-05-01	4.21	-0.59	-12.29167	92.8760	-0.5709	-0.61094	7047.1	45.9	0.65560	82.067	0.023	0.02803	33.78	4.3	-0.1	-2.27273
2001-06-01	3.97	-0.24	-5.70071	92.3208	-0.5552	-0.59779	7060.7	13.6	0.19299	82.253	0.186	0.22664	33.70	4.5	0.2	4.65116
2001-07-01	3.77	-0.20	-5.03778	91.7933	-0.5275	-0.57138	7072.2	11.5	0.16287	82.465	0.212	0.25774	32.14	4.6	0.1	2.22222
2001-08-01	3.65	-0.12	-3.18302	91.6795	-0.1138	-0.12397	7108.9	36.7	0.51893	82.511	0.046	0.05578	29.08	4.9	0.3	6.52174
2001-09-01	3.07	-0.58	-15.89041	91.3289	-0.3506	-0.38242	7012.8	-96.1	-1.35183	82.049	-0.462	-0.55993	28.38	5.0	0.1	2.04082
2001-10-01	2.49	-0.58	-18.89251	90.9315	-0.3974	-0.43513	7208.4	195.6	2.78919	82.637	0.588	0.71664	21.88	5.3	0.3	6.00000
2001-11-01	2.09	-0.40	-16.06426	90.4860	-0.4455	-0.48993	7167.9	-40.5	-0.56184	82.810	0.173	0.20935	16.24	5.5	0.2	3.77358
2001-12-01	1.82	-0.27	-12.91866	90.5073	0.0213	0.02354	7147.7	-20.2	-0.28181	82.829	0.019	0.02294	6.24	5.7	0.2	3.63636
2002-01-01	1.73	-0.09	-4.94505	91.0794	0.5721	0.63210	7174.3	26.6	0.37215	82.862	0.033	0.03984	2.44	5.7	0.0	0.00000
2002-02-01	1.74	0.01	0.57803	91.0553	-0.0241	-0.02646	7218.3	44.0	0.61330	83.017	0.155	0.18706	1.44	5.7	0.0	0.00000
2002-03-01	1.73	-0.01	-0.57471	91.7980	0.7427	0.81566	7237.2	18.9	0.26183	83.120	0.103	0.12407	0.58	5.7	0.0	0.00000
2002-04-01	1.75	0.02	1.15607	92.1771	0.3791	0.41297	7305.4	68.2	0.94235	83.366	0.246	0.29596	0.26	5.9	0.2	3.50877
2002-05-01	1.75	0.00	0.00000	92.5668	0.3897	0.42277	7282.7	-22.7	-0.31073	83.465	0.099	0.11875	0.16	5.8	-0.1	-1.69492
2002-06-01	1.75	0.00	0.00000	93.4476	0.8808	0.95153	7318.2	35.5	0.48746	83.594	0.129	0.15456	0.18	5.8	0.0	0.00000
2002-07-01	1.73	-0.02	-1.14286	93.2237	-0.2239	-0.23960	7380.4	62.2	0.84994	83.745	0.151	0.18063	0.76	5.8	0.0	0.00000
2002-08-01	1.74	0.01	0.57803	93.2359	0.0122	0.01309	7401.5	21.1	0.28589	83.900	0.155	0.18509	0.50	5.7	-0.1	-1.72414
2002-09-01	1.75	0.01	0.57471	93.3654	0.1295	0.13889	7391.0	-10.5	-0.14186	84.033	0.133	0.15852	0.58	5.7	0.0	0.00000
2002-10-01	1.75	0.00	0.00000	93.0834	-0.2820	-0.30204	7430.7	39.7	0.53714	84.109	0.076	0.09044	0.56	5.7	0.0	0.00000
2002-11-01	1.34	-0.41	-23.42857	93.5693	0.4859	0.52200	7459.7	29.0	0.39027	84.191	0.082	0.09749	0.30	5.9	0.2	3.50877
2002-12-01	1.24	-0.10	-7.46269	93.1103	-0.4590	-0.49055	7512.8	53.1	0.71182	84.260	0.069	0.08196	0.82	6.0	0.1	1.69492
2003-01-01	1.24	0.00	0.00000	93.8198	0.7095	0.76200	7533.1	20.3	0.27021	84.293	0.033	0.03916	0.24	5.8	-0.2	-3.33333
2003-02-01	1.26	0.02	1.61290	93.9532	0.1334	0.14219	7535.9	2.8	0.03717	84.383	0.090	0.10677	0.76	5.9	0.1	1.72414
2003-03-01	1.25	-0.01	-0.79365	93.7358	-0.2174	-0.23139	7598.4	62.5	0.82936	84.492	0.109	0.12917	1.00	5.9	0.0	0.00000
2003-04-01	1.26	0.01	0.80000	93.0657	-0.6701	-0.71488	7621.0	22.6	0.29743	84.558	0.066	0.07811	0.84	6.0	0.1	1.69492
2003-05-01	1.26	0.00	0.00000	93.0918	0.0261	0.02804	7628.1	7.1	0.09316	84.660	0.102	0.12063	0.26	6.1	0.1	1.66667
2003-06-01	1.22	-0.04	-3.17460	93.2476	0.1558	0.16736	7678.6	50.5	0.66203	84.695	0.035	0.04134	0.04	6.3	0.2	3.27869
2003-07-01	1.01	-0.21	-17.21311	93.6582	0.4106	0.44033	7738.2	59.6	0.77618	84.897	0.202	0.23850	0.06	6.2	-0.1	-1.58730
2003-08-01	1.03	0.02	1.98020	93.5246	-0.1336	-0.14265	7834.5	96.3	1.24448	84.979	0.082	0.09659	0.16	6.1	-0.1	-1.61290
2003-09-01	1.01	-0.02	-1.94175	94.0751	0.5505	0.58862	7835.0	0.5	0.00638	85.080	0.101	0.11885	0.00	6.1	0.0	0.00000
2003-10-01	1.01	0.00	0.00000	94.2079	0.1328	0.14116	7845.7	10.7	0.13657	85.218	0.138	0.16220	0.02	6.0	-0.1	-1.63934
2003-11-01	1.00	-0.01	-0.99010	94.9338	0.7259	0.77053	7899.6	53.9	0.68700	85.332	0.114	0.13377	0.04	5.8	-0.2	-3.33333
2003-12-01	0.98	-0.02	-2.00000	94.8662	-0.0676	-0.07121	7929.2	29.6	0.37470	85.452	0.120	0.14063	0.26	5.7	-0.1	-1.72414
2004-01-01	1.00	0.02	2.04082	95.1085	0.2423	0.25541	7987.4	58.2	0.73400	85.702	0.250	0.29256	0.18	5.7	0.0	0.00000
2004-02-01	1.01	0.01	1.00000	95.6847	0.5762	0.60583	8019.8	32.4	0.40564	85.862	0.160	0.18669	0.02	5.6	-0.1	-1.75439
2004-03-01	1.00	-0.01	-0.99010	95.2088	-0.4759	-0.49736	8076.0	56.2	0.70077	86.016	0.154	0.17936	0.06	5.8	0.2	3.57143
2004-04-01	1.00	0.00	0.00000	95.6385	0.4297	0.45132	8088.6	12.6	0.15602	86.238	0.222	0.25809	0.00	5.6	-0.2	-3.44828
2004-05-01	1.00	0.00	0.00000	96.3966	0.7581	0.79267	8163.2	74.6	0.92229	86.356	0.118	0.13683	0.10	5.6	0.0	0.00000
2004-06-01	1.03	0.03	3.00000	95.6019	-0.7947	-0.82441	8147.2	-16.0	-0.19600	86.496	0.140	0.16212	0.98	5.6	0.0	0.00000
2004-07-01	1.26	0.23	22.33010	96.3385	0.7366	0.77049	8218.9	71.7	0.88006	86.605	0.109	0.12602	0.14	5.5	-0.1	-1.78571
2004-08-01	1.43	0.17	13.49206	96.4095	0.0710	0.07370	8253.1	34.2	0.41611	86.642	0.037	0.04272	0.04	5.4	-0.1	-1.81818
2004-09-01	1.61	0.18	12.58741	96.4907	0.0812	0.08422	8321.1	68.0	0.82393	86.806	0.164	0.18928	0.06	5.4	0.0	0.00000
2004-10-01	1.76	0.15	9.31677	97.4094	0.9187	0.95211	8374.6	53.5	0.64294	86.994	0.188	0.21657	0.02	5.5	0.1	1.85185
2004-11-01	1.93	0.17	9.65909	97.6137	0.2043	0.20973	8420.6	46.0	0.54928	87.179	0.185	0.21266	0.08	5.4	-0.1	-1.81818
2004-12-01	2.16	0.23	11.91710	98.3318	0.7181	0.73565	8481.5	60.9	0.72323	87.287	0.108	0.12388	0.00	5.4	0.0	0.00000
2005-01-01	2.28	0.12	5.55556	98.7845	0.4527	0.46038	8470.2	-11.3	-0.13323	87.600	0.313	0.35859	0.20	5.3	-0.1	-1.85185
2005-02-01	2.50	0.22	9.64912	99.4639	0.6794	0.68776	8529.2	59.0	0.69656	87.740	0.140	0.15982	0.06	5.4	0.1	1.88679
2005-03-01	2.63	0.13	5.20000	99.3061	-0.1578	-0.15865	8569.5	40.3	0.47249	87.945	0.205	0.23364	0.18	5.2	-0.2	-3.70370
2005-04-01	2.79	0.16	6.08365	99.4734	0.1673	0.16847	8645.6	76.1	0.88803	88.032	0.087	0.09893	0.08	5.2	0.0	0.00000
2005-05-01	3.00	0.21	7.52688	99.6033	0.1299	0.13059	8643.9	-1.7	-0.01966	88.204	0.172	0.19538	0.04	5.1	-0.1	-1.92308
2005-06-01	3.04	0.04	1.33333	99.9853	0.3820	0.38352	8724.8	80.9	0.93592	88.259	0.055	0.06236	0.08	5.0	-0.1	-1.96078
2005-07-01	3.26	0.22	7.23684	99.6692	-0.3161	-0.31615	8829.5	104.7	1.20003	88.387	0.128	0.14503	0.54	5.0	0.0	0.00000
2005-08-01	3.50	0.24	7.36196	99.9435	0.2743	0.27521	8832.4	2.9	0.03284	88.455	0.068	0.07693	1.56	4.9	-0.1	-2.00000
2005-09-01	3.62	0.12	3.42857	98.0779	-1.8656	-1.86665	8885.8	53.4	0.60459	88.644	0.189	0.21367	9.84	5.0	0.1	2.04082
2005-10-01	3.78	0.16	4.41989	99.3149	1.2370	1.26124	8926.6	40.8	0.45916	88.890	0.246	0.27751	0.16	5.0	0.0	0.00000
2005-11-01	4.00	0.22	5.82011	100.3216	1.0067	1.01364	8938.5	11.9	0.13331	89.113	0.223	0.25087	0.02	5.0	0.0	0.00000
2005-12-01	4.16	0.16	4.00000	100.9437	0.6221	0.62011	8969.6	31.1	0.34793	89.207	0.094	0.10548	0.02	4.9	-0.1	-2.00000
2006-01-01	4.29	0.13	3.12500	101.0627	0.1190	0.11789	9059.8	90.2	1.00562	89.410	0.203	0.22756	0.02	4.7	-0.2	-4.08163
2006-02-01	4.49	0.20	4.66200	101.0669	0.0042	0.00416	9090.1	30.3	0.33444	89.544	0.134	0.14987	0.08	4.8	0.1	2.12766
2006-03-01	4.59	0.10	2.22717	101.2751	0.2082	0.20600	9122.1	32.0	0.35203	89.766	0.222	0.24792	0.06	4.7	-0.1	-2.08333
2006-04-01	4.79	0.20	4.35730	101.6813	0.4062	0.40109	9174.8	52.7	0.57772	90.000	0.234	0.26068	0.14	4.7	0.0	0.00000
2006-05-01	4.94	0.15	3.13152	101.5790	-0.1023	-0.10061	9215.1	40.3	0.43925	90.205	0.205	0.22778	0.16	4.6	-0.1	-2.12766
2006-06-01	4.99	0.05	1.01215	101.9693	0.3903	0.38423	9240.8	25.7	0.27889	90.427	0.222	0.24611	0.14	4.6	0.0	0.00000
2006-07-01	5.24	0.25	5.01002	101.9319	-0.0374	-0.03668	9322.6	81.8	0.88520	90.527	0.100	0.11059	0.10	4.7	0.1	2.17391
2006-08-01	5.25	0.01	0.19084	102.3327	0.4008	0.39320	9321.8	-0.8	-0.00858	90.713	0.186	0.20546	0.06	4.7	0.0	0.00000
2006-09-01	5.25	0.00	0.00000	102.1252	-0.2075	-0.20277	9354.7	32.9	0.35294	90.852	0.139	0.15323	0.14	4.5	-0.2	-4.25532
2006-10-01	5.25	0.00	0.00000	102.0668	-0.0584	-0.05718	9373.2	18.5	0.19776	91.011	0.159	0.17501	0.14	4.4	-0.1	-2.22222
2006-11-01	5.25	0.00	0.00000	101.9688	-0.0980	-0.09602	9380.2	7.0	0.07468	91.058	0.047	0.05164	0.04	4.5	0.1	2.27273
2006-12-01	5.24	-0.01	-0.19048	103.0292	1.0604	1.03993	9469.0	88.8	0.94667	91.190	0.132	0.14496	0.08	4.4	-0.1	-2.22222
2007-01-01	5.25	0.01	0.19084	102.4933	-0.5359	-0.52014	9516.3	47.3	0.49952	91.584	0.394	0.43206	0.22	4.6	0.2	4.54545
2007-02-01	5.26	0.01	0.19048	103.5264	1.0331	1.00797	9546.8	30.5	0.32050	91.787	0.203	0.22165	0.06	4.5	-0.1	-2.17391
2007-03-01	5.26	0.00	0.00000	103.7521	0.2257	0.21801	9585.1	38.3	0.40118	91.868	0.081	0.08825	0.02	4.4	-0.1	-2.22222
2007-04-01	5.25	-0.01	-0.19011	104.4814	0.7293	0.70293	9615.7	30.6	0.31925	91.973	0.105	0.11429	0.06	4.5	0.1	2.27273
2007-05-01	5.25	0.00	0.00000	104.5322	0.0508	0.04862	9651.3	35.6	0.37023	92.069	0.096	0.10438	0.20	4.4	-0.1	-2.22222
2007-06-01	5.25	0.00	0.00000	104.5617	0.0295	0.02822	9667.3	16.0	0.16578	92.219	0.150	0.16292	0.42	4.6	0.2	4.54545
2007-07-01	5.26	0.01	0.19048	104.5227	-0.0390	-0.03730	9709.6	42.3	0.43756	92.368	0.149	0.16157	0.58	4.7	0.1	2.17391
2007-08-01	5.02	-0.24	-4.56274	104.7556	0.2329	0.22282	9753.9	44.3	0.45625	92.503	0.135	0.14615	0.52	4.6	-0.1	-2.12766
2007-09-01	4.94	-0.08	-1.59363	105.1611	0.4055	0.38709	9797.9	44.0	0.45110	92.742	0.239	0.25837	0.68	4.7	0.1	2.17391
2007-10-01	4.76	-0.18	-3.64372	104.7171	-0.4440	-0.42221	9827.0	29.1	0.29700	92.963	0.221	0.23830	1.74	4.7	0.0	0.00000
2007-11-01	4.49	-0.27	-5.67227	105.3338	0.6167	0.58892	9897.8	70.8	0.72046	93.134	0.171	0.18394	2.36	4.7	0.0	0.00000
2007-12-01	4.24	-0.25	-5.56793	105.3457	0.0119	0.01130	9908.4	10.6	0.10709	93.319	0.185	0.19864	8.92	5.0	0.3	6.38298
2008-01-01	3.94	-0.30	-7.07547	105.0619	-0.2838	-0.26940	9930.0	21.6	0.21800	93.519	0.200	0.21432	22.84	5.0	0.0	0.00000
2008-02-01	2.98	-0.96	-24.36548	104.7094	-0.3525	-0.33552	9913.4	-16.6	-0.16717	93.621	0.102	0.10907	44.12	4.9	-0.1	-2.00000
2008-03-01	2.61	-0.37	-12.41611	104.4616	-0.2478	-0.23665	9959.4	46.0	0.46402	93.829	0.208	0.22217	59.52	5.1	0.2	4.08163
2008-04-01	2.28	-0.33	-12.64368	103.6704	-0.7912	-0.75741	9996.8	37.4	0.37552	93.912	0.083	0.08846	73.98	5.0	-0.1	-1.96078
2008-05-01	1.98	-0.30	-13.15789	103.0863	-0.5841	-0.56342	10053.8	57.0	0.57018	94.103	0.191	0.20338	81.60	5.4	0.4	8.00000
2008-06-01	2.00	0.02	1.01010	102.8445	-0.2418	-0.23456	10107.9	54.1	0.53810	94.299	0.196	0.20828	87.82	5.6	0.2	3.70370
2008-07-01	2.01	0.01	0.50000	102.3002	-0.5443	-0.52925	10104.7	-3.2	-0.03166	94.430	0.131	0.13892	96.76	5.8	0.2	3.57143
2008-08-01	2.00	-0.01	-0.49751	100.7353	-1.5649	-1.52971	10094.7	-10.0	-0.09896	94.543	0.113	0.11967	99.72	6.1	0.3	5.17241
2008-09-01	1.81	-0.19	-9.50000	96.3666	-4.3687	-4.33681	10043.5	-51.2	-0.50720	94.668	0.125	0.13221	99.96	6.1	0.0	0.00000
2008-10-01	0.97	-0.84	-46.40884	97.2832	0.9166	0.95116	9960.3	-83.2	-0.82840	94.593	-0.075	-0.07922	92.32	6.5	0.4	6.55738
2008-11-01	0.39	-0.58	-59.79381	96.0605	-1.2227	-1.25685	9820.8	-139.5	-1.40056	94.600	0.007	0.00740	99.96	6.8	0.3	4.61538
2008-12-01	0.16	-0.23	-58.97436	93.2521	-2.8084	-2.92357	9730.7	-90.1	-0.91744	94.580	-0.020	-0.02114	100.00	7.3	0.5	7.35294
2009-01-01	0.15	-0.01	-6.25000	91.0373	-2.2148	-2.37507	9783.8	53.1	0.54570	94.578	-0.002	-0.00211	100.00	7.8	0.5	6.84932
2009-02-01	0.22	0.07	46.66667	90.4502	-0.5871	-0.64490	9766.0	-17.8	-0.18193	94.679	0.101	0.10679	99.88	8.3	0.5	6.41026
2009-03-01	0.18	-0.04	-18.18182	89.0160	-1.4342	-1.58562	9718.5	-47.5	-0.48638	94.776	0.097	0.10245	99.92	8.7	0.4	4.81928
2009-04-01	0.15	-0.03	-16.66667	88.3056	-0.7104	-0.79806	9724.8	6.3	0.06482	95.003	0.227	0.23951	97.72	9.0	0.3	3.44828
2009-05-01	0.18	0.03	20.00000	87.4155	-0.8901	-1.00798	9748.9	24.1	0.24782	95.097	0.094	0.09894	87.50	9.4	0.4	4.44444
2009-06-01	0.21	0.03	16.66667	87.0742	-0.3413	-0.39043	9806.9	58.0	0.59494	95.214	0.117	0.12303	58.60	9.5	0.1	1.06383
2009-07-01	0.16	-0.05	-23.80952	88.0323	0.9581	1.10033	9841.7	34.8	0.35485	95.291	0.077	0.08087	3.46	9.5	0.0	0.00000
2009-08-01	0.16	0.00	0.00000	89.0190	0.9867	1.12084	9961.0	119.3	1.21219	95.430	0.139	0.14587	0.70	9.6	0.1	1.05263
2009-09-01	0.15	-0.01	-6.25000	89.6926	0.6736	0.75669	9883.4	-77.6	-0.77904	95.605	0.175	0.18338	0.42	9.8	0.2	2.08333
2009-10-01	0.12	-0.03	-20.00000	89.9797	0.2871	0.32009	9931.9	48.5	0.49072	95.961	0.356	0.37237	0.36	10.0	0.2	2.04082
2009-11-01	0.12	0.00	0.00000	90.3375	0.3578	0.39765	9940.5	8.6	0.08659	96.043	0.082	0.08545	0.10	9.9	-0.1	-1.00000
2009-12-01	0.12	0.00	0.00000	90.6132	0.2757	0.30519	9998.9	58.4	0.58750	96.108	0.065	0.06768	0.12	9.9	0.0	0.00000
2010-01-01	0.11	-0.01	-8.33333	91.6642	1.0510	1.15988	10001.8	2.9	0.02900	96.228	0.120	0.12486	0.02	9.8	-0.1	-1.01010
2010-02-01	0.13	0.02	18.18182	91.9940	0.3298	0.35979	10030.6	28.8	0.28795	96.298	0.070	0.07274	0.10	9.8	0.0	0.00000
2010-03-01	0.16	0.03	23.07692	92.5993	0.6053	0.65798	10089.1	58.5	0.58322	96.422	0.124	0.12877	0.04	9.9	0.1	1.02041
2010-04-01	0.20	0.04	25.00000	92.9436	0.3443	0.37182	10112.9	23.8	0.23590	96.456	0.034	0.03526	0.00	9.9	0.0	0.00000
2010-05-01	0.20	0.00	0.00000	94.2997	1.3561	1.45906	10131.0	18.1	0.17898	96.552	0.096	0.09953	0.00	9.6	-0.3	-3.03030
2010-06-01	0.18	-0.02	-10.00000	94.4397	0.1400	0.14846	10151.4	20.4	0.20136	96.584	0.032	0.03314	0.34	9.4	-0.2	-2.08333
2010-07-01	0.18	0.00	0.00000	94.8536	0.4139	0.43827	10184.7	33.3	0.32803	96.585	0.001	0.00104	0.06	9.4	0.0	0.00000
2010-08-01	0.19	0.01	5.55556	95.1448	0.2912	0.30700	10228.2	43.5	0.42711	96.674	0.089	0.09215	0.06	9.5	0.1	1.06383
2010-09-01	0.19	0.00	0.00000	95.3637	0.2189	0.23007	10249.0	20.8	0.20336	96.722	0.048	0.04965	0.12	9.5	0.0	0.00000
2010-10-01	0.19	0.00	0.00000	95.1109	-0.2528	-0.26509	10304.7	55.7	0.54347	96.843	0.121	0.12510	0.08	9.4	-0.1	-1.05263
2010-11-01	0.19	0.00	0.00000	95.1383	0.0274	0.02881	10354.7	50.0	0.48522	96.955	0.112	0.11565	0.14	9.8	0.4	4.25532
2010-12-01	0.18	-0.01	-5.26316	96.0599	0.9216	0.96870	10392.1	37.4	0.36119	96.975	0.020	0.02063	0.06	9.3	-0.5	-5.10204
2011-01-01	0.17	-0.01	-5.55556	95.9364	-0.1235	-0.12857	10435.5	43.4	0.41762	97.214	0.239	0.24646	0.06	9.1	-0.2	-2.15054
2011-02-01	0.16	-0.01	-5.88235	95.5154	-0.4210	-0.43883	10470.1	34.6	0.33156	97.396	0.182	0.18722	0.32	9.0	-0.1	-1.09890
2011-03-01	0.14	-0.02	-12.50000	96.4643	0.9489	0.99345	10550.5	80.4	0.76790	97.543	0.147	0.15093	0.08	9.0	0.0	0.00000
2011-04-01	0.10	-0.04	-28.57143	96.1187	-0.3456	-0.35827	10587.6	37.1	0.35164	97.761	0.218	0.22349	0.36	9.1	0.1	1.11111
2011-05-01	0.09	-0.01	-10.00000	96.3377	0.2190	0.22784	10612.0	24.4	0.23046	97.994	0.233	0.23834	0.22	9.0	-0.1	-1.09890
2011-06-01	0.09	0.00	0.00000	96.6154	0.2777	0.28826	10636.8	24.8	0.23370	98.106	0.112	0.11429	0.06	9.1	0.1	1.11111
2011-07-01	0.07	-0.02	-22.22222	97.1292	0.5138	0.53180	10677.5	40.7	0.38263	98.265	0.159	0.16207	0.00	9.0	-0.1	-1.09890
2011-08-01	0.10	0.03	42.85714	97.6731	0.5439	0.55998	10700.6	23.1	0.21634	98.470	0.205	0.20862	0.04	9.0	0.0	0.00000
2011-09-01	0.08	-0.02	-20.00000	97.6494	-0.0237	-0.02426	10738.1	37.5	0.35045	98.543	0.073	0.07413	0.12	9.0	0.0	0.00000
2011-10-01	0.07	-0.01	-12.50000	98.3222	0.6728	0.68900	10753.1	15.0	0.13969	98.596	0.053	0.05378	0.00	8.8	-0.2	-2.22222
2011-11-01	0.08	0.01	14.28571	98.2433	-0.0789	-0.08025	10759.5	6.4	0.05952	98.805	0.209	0.21198	0.14	8.6	-0.2	-2.27273
2011-12-01	0.07	-0.01	-12.50000	98.7876	0.5443	0.55403	10772.2	12.7	0.11804	98.971	0.166	0.16801	0.02	8.5	-0.1	-1.16279
2012-01-01	0.08	0.01	14.28571	99.3925	0.6049	0.61232	10862.1	89.9	0.83456	99.284	0.313	0.31625	0.02	8.3	-0.2	-2.35294
2012-02-01	0.10	0.02	25.00000	99.6203	0.2278	0.22919	10953.5	91.4	0.84146	99.439	0.155	0.15612	0.16	8.3	0.0	0.00000
2012-03-01	0.13	0.03	30.00000	99.1551	-0.4652	-0.46697	10951.8	-1.7	-0.01552	99.597	0.158	0.15889	0.46	8.2	-0.1	-1.20482
2012-04-01	0.14	0.01	7.69231	99.9006	0.7455	0.75185	10979.7	27.9	0.25475	99.753	0.156	0.15663	0.12	8.2	0.0	0.00000
2012-05-01	0.16	0.02	14.28571	100.0924	0.1918	0.19199	10968.6	-11.1	-0.10110	99.849	0.096	0.09624	0.10	8.2	0.0	0.00000
2012-06-01	0.16	0.00	0.00000	100.0728	-0.0196	-0.01958	10946.3	-22.3	-0.20331	99.948	0.099	0.09915	0.10	8.2	0.0	0.00000
2012-07-01	0.16	0.00	0.00000	100.3354	0.2626	0.26241	10977.2	30.9	0.28229	100.052	0.104	0.10405	0.16	8.2	0.0	0.00000
2012-08-01	0.13	-0.03	-18.75000	99.8560	-0.4794	-0.47780	11004.1	26.9	0.24505	100.111	0.059	0.05897	0.32	8.1	-0.1	-1.21951
2012-09-01	0.14	0.01	7.69231	99.9049	0.0489	0.04897	11061.5	57.4	0.52162	100.238	0.127	0.12686	0.10	7.8	-0.3	-3.70370
2012-10-01	0.16	0.02	14.28571	100.1167	0.2118	0.21200	11099.8	38.3	0.34625	100.476	0.238	0.23743	0.04	7.8	0.0	0.00000
2012-11-01	0.16	0.00	0.00000	100.5991	0.4824	0.48184	11136.8	37.0	0.33334	100.586	0.110	0.10948	0.04	7.7	-0.1	-1.28205
2012-12-01	0.16	0.00	0.00000	100.9542	0.3551	0.35299	11140.5	3.7	0.03322	100.667	0.081	0.08053	0.04	7.9	0.2	2.59740
2013-01-01	0.14	-0.02	-12.50000	100.8204	-0.1338	-0.13254	11202.8	62.3	0.55922	100.865	0.198	0.19669	3.36	8.0	0.1	1.26582
2013-02-01	0.15	0.01	7.14286	101.3995	0.5791	0.57439	11239.6	36.8	0.32849	100.984	0.119	0.11798	0.56	7.7	-0.3	-3.75000
2013-03-01	0.14	-0.01	-6.66667	101.8114	0.4119	0.40622	11227.1	-12.5	-0.11121	101.076	0.092	0.09110	0.38	7.5	-0.2	-2.59740
2013-04-01	0.15	0.01	7.14286	101.6364	-0.1750	-0.17189	11205.4	-21.7	-0.19328	101.160	0.084	0.08311	0.34	7.6	0.1	1.33333
2013-05-01	0.11	-0.04	-26.66667	101.7476	0.1112	0.10941	11244.6	39.2	0.34983	101.268	0.108	0.10676	0.16	7.5	-0.1	-1.31579
2013-06-01	0.09	-0.02	-18.18182	101.9549	0.2073	0.20374	11268.8	24.2	0.21521	101.437	0.169	0.16688	0.24	7.5	0.0	0.00000
2013-07-01	0.09	0.00	0.00000	101.5204	-0.4345	-0.42617	11296.7	27.9	0.24759	101.565	0.128	0.12619	0.32	7.3	-0.2	-2.66667
2013-08-01	0.08	-0.01	-11.11111	102.1907	0.6703	0.66026	11329.2	32.5	0.28769	101.678	0.113	0.11126	0.10	7.2	-0.1	-1.36986
2013-09-01	0.08	0.00	0.00000	102.7170	0.5263	0.51502	11366.9	37.7	0.33277	101.795	0.117	0.11507	0.04	7.2	0.0	0.00000
2013-10-01	0.09	0.01	12.50000	102.5371	-0.1799	-0.17514	11419.8	52.9	0.46539	102.004	0.209	0.20531	0.16	7.2	0.0	0.00000
2013-11-01	0.08	-0.01	-11.11111	102.8379	0.3008	0.29336	11487.6	67.8	0.59371	102.176	0.172	0.16862	0.04	6.9	-0.3	-4.16667
2013-12-01	0.09	0.01	12.50000	103.1504	0.3125	0.30388	11517.9	30.3	0.26376	102.311	0.135	0.13212	0.18	6.7	-0.2	-2.89855
2014-01-01	0.07	-0.02	-22.22222	102.7216	-0.4288	-0.41570	11503.7	-14.2	-0.12329	102.399	0.088	0.08601	0.24	6.6	-0.1	-1.49254
2014-02-01	0.07	0.00	0.00000	103.5917	0.8701	0.84705	11574.5	70.8	0.61545	102.454	0.055	0.05371	0.00	6.7	0.1	1.51515
2014-03-01	0.08	0.01	14.28571	104.5889	0.9972	0.96263	11644.5	70.0	0.60478	102.646	0.192	0.18740	0.00	6.7	0.0	0.00000
2014-04-01	0.09	0.01	12.50000	104.6371	0.0482	0.04609	11707.1	62.6	0.53759	102.829	0.183	0.17828	0.04	6.2	-0.5	-7.46269
2014-05-01	0.09	0.00	0.00000	105.0152	0.3781	0.36134	11750.9	43.8	0.37413	103.000	0.171	0.16630	0.04	6.3	0.1	1.61290
2014-06-01	0.10	0.01	11.11111	105.4081	0.3929	0.37414	11812.7	61.8	0.52592	103.113	0.113	0.10971	0.06	6.1	-0.2	-3.17460
2014-07-01	0.09	-0.01	-10.00000	105.6157	0.2076	0.19695	11858.1	45.4	0.38433	103.298	0.185	0.17941	0.18	6.2	0.1	1.63934
2014-08-01	0.09	0.00	0.00000	105.4986	-0.1171	-0.11087	11939.1	81.0	0.68308	103.332	0.034	0.03291	0.20	6.1	-0.1	-1.61290
2014-09-01	0.09	0.00	0.00000	105.8138	0.3152	0.29877	11948.8	9.7	0.08125	103.456	0.124	0.12000	0.02	5.9	-0.2	-3.27869
2014-10-01	0.09	0.00	0.00000	105.8357	0.0219	0.02070	12018.4	69.6	0.58249	103.546	0.090	0.08699	0.06	5.7	-0.2	-3.38983
2014-11-01	0.09	0.00	0.00000	106.6634	0.8277	0.78206	12050.2	31.8	0.26459	103.653	0.107	0.10334	0.02	5.8	0.1	1.75439
2014-12-01	0.12	0.03	33.33333	106.5085	-0.1549	-0.14522	12065.0	14.8	0.12282	103.737	0.084	0.08104	0.42	5.6	-0.2	-3.44828
2015-01-01	0.11	-0.01	-8.33333	105.9806	-0.5279	-0.49564	12039.9	-25.1	-0.20804	103.708	-0.029	-0.02796	0.70	5.7	0.1	1.78571
2015-02-01	0.11	0.00	0.00000	105.4425	-0.5381	-0.50773	12089.1	49.2	0.40864	103.815	0.107	0.10317	1.02	5.5	-0.2	-3.50877
2015-03-01	0.11	0.00	0.00000	105.1464	-0.2961	-0.28082	12145.7	56.6	0.46819	103.980	0.165	0.15894	0.62	5.4	-0.1	-1.81818
2015-04-01	0.12	0.01	9.09091	104.5272	-0.6192	-0.58889	12187.4	41.7	0.34333	104.152	0.172	0.16542	0.40	5.4	0.0	0.00000
2015-05-01	0.12	0.00	0.00000	104.0742	-0.4530	-0.43338	12261.1	73.7	0.60472	104.274	0.122	0.11714	0.44	5.6	0.2	3.70370
2015-06-01	0.13	0.01	8.33333	103.7174	-0.3568	-0.34283	12295.6	34.5	0.28138	104.404	0.130	0.12467	0.42	5.3	-0.3	-5.35714
2015-07-01	0.13	0.00	0.00000	104.3243	0.6069	0.58515	12357.1	61.5	0.50018	104.520	0.116	0.11111	0.16	5.2	-0.1	-1.88679
2015-08-01	0.14	0.01	7.69231	104.1621	-0.1622	-0.15548	12387.0	29.9	0.24197	104.618	0.098	0.09376	0.52	5.1	-0.1	-1.92308
2015-09-01	0.14	0.00	0.00000	103.7768	-0.3853	-0.36990	12384.5	-2.5	-0.02018	104.753	0.135	0.12904	0.50	5.0	-0.1	-1.96078
2015-10-01	0.12	-0.02	-14.28571	103.3976	-0.3792	-0.36540	12387.3	2.8	0.02261	104.778	0.025	0.02387	0.68	5.0	0.0	0.00000
2015-11-01	0.12	0.00	0.00000	102.6866	-0.7110	-0.68764	12422.8	35.5	0.28658	104.910	0.132	0.12598	1.02	5.1	0.1	2.00000
2015-12-01	0.24	0.12	100.00000	102.1014	-0.5852	-0.56989	12453.8	31.0	0.24954	104.979	0.069	0.06577	0.80	5.0	-0.1	-1.96078
2016-01-01	0.34	0.10	41.66667	102.9525	0.8511	0.83358	12480.5	26.7	0.21439	105.169	0.190	0.18099	0.42	4.9	-0.1	-2.00000
2016-02-01	0.38	0.04	11.76471	102.2225	-0.7300	-0.70906	12550.2	69.7	0.55847	105.350	0.181	0.17210	0.76	4.9	0.0	0.00000
2016-03-01	0.36	-0.02	-5.26316	101.4155	-0.8070	-0.78945	12539.9	-10.3	-0.08207	105.448	0.098	0.09302	0.72	5.0	0.1	2.04082
2016-04-01	0.37	0.01	2.77778	101.5167	0.1012	0.09979	12624.8	84.9	0.67704	105.701	0.253	0.23993	0.52	5.0	0.0	0.00000
2016-05-01	0.37	0.00	0.00000	101.4298	-0.0869	-0.08560	12678.1	53.3	0.42218	105.860	0.159	0.15042	0.36	4.8	-0.2	-4.00000
2016-06-01	0.38	0.01	2.70270	101.8747	0.4449	0.43863	12761.9	83.8	0.66098	105.981	0.121	0.11430	0.10	4.9	0.1	2.08333
2016-07-01	0.39	0.01	2.63158	102.1325	0.2578	0.25306	12779.6	17.7	0.13869	106.193	0.212	0.20004	0.02	4.8	-0.1	-2.04082
2016-08-01	0.40	0.01	2.56410	102.0407	-0.0918	-0.08988	12813.0	33.4	0.26135	106.407	0.214	0.20152	0.12	4.9	0.1	2.08333
2016-09-01	0.40	0.00	0.00000	102.0477	0.0070	0.00686	12874.5	61.5	0.47998	106.489	0.082	0.07706	0.06	5.0	0.1	2.04082
2016-10-01	0.40	0.00	0.00000	102.2485	0.2008	0.19677	12912.8	38.3	0.29749	106.649	0.160	0.15025	0.02	4.9	-0.1	-2.00000
2016-11-01	0.41	0.01	2.50000	102.0507	-0.1978	-0.19345	12942.0	29.2	0.22613	106.725	0.076	0.07126	0.06	4.7	-0.2	-4.08163
2016-12-01	0.54	0.13	31.70732	102.9281	0.8774	0.85977	13024.5	82.5	0.63746	106.863	0.138	0.12930	0.00	4.7	0.0	0.00000
2017-01-01	0.65	0.11	20.37037	103.0366	0.1085	0.10541	13079.4	54.9	0.42151	107.118	0.255	0.23862	0.14	4.7	0.0	0.00000
2017-02-01	0.66	0.01	1.53846	102.6479	-0.3887	-0.37724	13090.6	11.2	0.08563	107.282	0.164	0.15310	0.28	4.7	0.0	0.00000
2017-03-01	0.79	0.13	19.69697	103.3430	0.6951	0.67717	13143.3	52.7	0.40258	107.166	-0.116	-0.10813	0.04	4.4	-0.3	-6.38298
2017-04-01	0.90	0.11	13.92405	104.2721	0.9291	0.89904	13185.7	42.4	0.32260	107.406	0.240	0.22395	0.04	4.4	0.0	0.00000
2017-05-01	0.91	0.01	1.11111	104.4129	0.1408	0.13503	13201.0	15.3	0.11603	107.525	0.119	0.11079	0.14	4.4	0.0	0.00000
2017-06-01	1.04	0.13	14.28571	104.5849	0.1720	0.16473	13250.8	49.8	0.37724	107.689	0.164	0.15252	0.16	4.3	-0.1	-2.27273
2017-07-01	1.15	0.11	10.57692	104.5427	-0.0422	-0.04035	13274.1	23.3	0.17584	107.785	0.096	0.08915	0.14	4.3	0.0	0.00000
2017-08-01	1.16	0.01	0.86957	104.0475	-0.4952	-0.47368	13317.3	43.2	0.32545	107.926	0.141	0.13082	0.18	4.4	0.1	2.32558
2017-09-01	1.15	-0.01	-0.86207	104.0502	0.0027	0.00259	13443.8	126.5	0.94989	108.091	0.165	0.15288	0.06	4.2	-0.2	-4.54545
2017-10-01	1.15	0.00	0.00000	105.6287	1.5785	1.51706	13501.3	57.5	0.42771	108.392	0.301	0.27847	0.00	4.1	-0.1	-2.38095
2017-11-01	1.16	0.01	0.86957	106.1930	0.5643	0.53423	13587.6	86.3	0.63920	108.486	0.094	0.08672	0.00	4.2	0.1	2.43902
2017-12-01	1.30	0.14	12.06897	106.5360	0.3430	0.32300	13669.9	82.3	0.60570	108.670	0.184	0.16961	0.08	4.1	-0.1	-2.38095
2018-01-01	1.41	0.11	8.46154	106.2655	-0.2705	-0.25390	13697.7	27.8	0.20337	108.923	0.253	0.23281	0.28	4.1	0.0	0.00000
2018-02-01	1.42	0.01	0.70922	106.6419	0.3764	0.35421	13712.2	14.5	0.10586	109.131	0.208	0.19096	0.12	4.1	0.0	0.00000
2018-03-01	1.51	0.09	6.33803	107.2519	0.6100	0.57201	13775.1	62.9	0.45872	109.341	0.210	0.19243	0.06	4.0	-0.1	-2.43902
2018-04-01	1.69	0.18	11.92053	108.2223	0.9704	0.90479	13861.5	86.4	0.62722	109.509	0.168	0.15365	0.04	3.9	-0.1	-2.50000
2018-05-01	1.70	0.01	0.59172	107.3639	-0.8584	-0.79318	13953.2	91.7	0.66154	109.735	0.226	0.20638	0.28	3.8	-0.1	-2.56410
2018-06-01	1.82	0.12	7.05882	108.1707	0.8068	0.75146	14004.8	51.6	0.36981	109.878	0.143	0.13031	0.02	4.0	0.2	5.26316
2018-07-01	1.91	0.09	4.94505	108.6520	0.4813	0.44494	14077.2	72.4	0.51697	110.064	0.186	0.16928	0.00	3.9	-0.1	-2.50000
2018-08-01	1.91	0.00	0.00000	109.5246	0.8726	0.80311	14128.3	51.1	0.36300	110.086	0.022	0.01999	0.02	3.8	-0.1	-2.56410
2018-09-01	1.95	0.04	2.09424	109.6749	0.1503	0.13723	14138.1	9.8	0.06936	110.257	0.171	0.15533	0.14	3.7	-0.1	-2.63158
2018-10-01	2.19	0.24	12.30769	109.9165	0.2416	0.22029	14221.1	83.0	0.58707	110.409	0.152	0.13786	0.10	3.8	0.1	2.70270
2018-11-01	2.20	0.01	0.45662	110.5067	0.5902	0.53695	14266.0	44.9	0.31573	110.616	0.207	0.18748	0.02	3.7	-0.1	-2.63158
2018-12-01	2.27	0.07	3.18182	110.5516	0.0449	0.04063	14148.6	-117.4	-0.82294	110.812	0.196	0.17719	0.14	3.9	0.2	5.40541
2019-01-01	2.40	0.13	5.72687	110.1185	-0.4331	-0.39176	14227.6	79.0	0.55836	110.852	0.040	0.03610	0.26	4.0	0.1	2.56410
2019-02-01	2.40	0.00	0.00000	109.5631	-0.5554	-0.50437	14216.6	-11.0	-0.07731	110.894	0.042	0.03789	0.72	3.8	-0.2	-5.00000
2019-03-01	2.41	0.01	0.41667	109.6811	0.1180	0.10770	14354.6	138.0	0.97070	110.960	0.066	0.05952	0.54	3.8	0.0	0.00000
2019-04-01	2.42	0.01	0.41494	108.9888	-0.6923	-0.63119	14452.5	97.9	0.68201	111.232	0.272	0.24513	0.70	3.6	-0.2	-5.26316
2019-05-01	2.39	-0.03	-1.23967	109.2264	0.2376	0.21800	14516.0	63.5	0.43937	111.362	0.130	0.11687	0.34	3.6	0.0	0.00000
2019-06-01	2.38	-0.01	-0.41841	109.2774	0.0510	0.04669	14565.0	49.0	0.33756	111.648	0.286	0.25682	0.22	3.7	0.1	2.77778
2019-07-01	2.40	0.02	0.84034	109.1062	-0.1712	-0.15667	14644.4	79.4	0.54514	111.878	0.230	0.20600	0.16	3.7	0.0	0.00000
2019-08-01	2.13	-0.27	-11.25000	109.9392	0.8330	0.76348	14682.4	38.0	0.25948	112.027	0.149	0.13318	0.16	3.7	0.0	0.00000
2019-09-01	2.04	-0.09	-4.22535	109.4560	-0.4832	-0.43952	14707.8	25.4	0.17300	112.085	0.058	0.05177	1.06	3.5	-0.2	-5.40541
2019-10-01	1.83	-0.21	-10.29412	108.4887	-0.9673	-0.88373	14759.2	51.4	0.34947	112.244	0.159	0.14186	1.82	3.6	0.1	2.85714
2019-11-01	1.55	-0.28	-15.30055	109.6770	1.1883	1.09532	14824.1	64.9	0.43973	112.399	0.155	0.13809	0.60	3.5	-0.1	-2.77778
2019-12-01	1.55	0.00	0.00000													
